1.0 0.0 0.0 4.53030878046651 0.0 1.0 0.0 -1.692452380666505 0.0 0.0 1.0 0.686006678065704
1.0 0.0 0.0 4.530312233487981 0.0 1.0 0.0 -1.692449279503453 0.0 0.0 1.0 0.686019448191473
1.0 0.0 0.0 4.530310697865713 0.0 1.0 0.0 -1.692443207515922 0.0 0.0 1.0 0.685998276712468
1.0 0.0 0.0 4.530324333880219 0.0 1.0 0.0 -1.692424088111845 0.0 0.0 1.0 0.68603441652309
1.0 0.0 0.0 4.53034080494794 0.0 1.0 0.0 -1.692390464997931 0.0 0.0 1.0 0.686056181185824
1.0 0.0 0.0 4.530329541692951 0.0 1.0 0.0 -1.692413091171937 0.0 0.0 1.0 0.686040536804091
1.0 0.0 0.0 4.530313571150126 0.0 1.0 0.0 -1.692444026299175 0.0 0.0 1.0 0.686015970540939
1.0 0.0 0.0 4.53030649138953 0.0 1.0 0.0 -1.692461478266344 0.0 0.0 1.0 0.686012853918231
1.0 0.0 0.0 4.530305764504095 0.0 1.0 0.0 -1.692455679303762 0.0 0.0 1.0 0.685996751187656
1.0 0.0 0.0 4.530315231562049 0.0 1.0 0.0 -1.692429924019229 0.0 0.0 1.0 0.685995890460125
1.0 0.0 0.0 4.530319250414967 0.0 1.0 0.0 -1.692419018147827 0.0 0.0 1.0 0.685995582494284
1.0 0.0 0.0 4.530308227100185 0.0 1.0 0.0 -1.69245803868561 0.0 0.0 1.0 0.686015362506082
1.0 0.0 0.0 4.530323514531318 0.0 1.0 0.0 -1.692424354878731 0.0 0.0 1.0 0.686030410908901
1.0 0.0 0.0 4.530296053311906 0.0 1.0 0.0 -1.692479120188053 0.0 0.0 1.0 0.685991442013002
1.0 0.0 0.0 4.530321014913132 0.0 1.0 0.0 -1.692421589156029 0.0 0.0 1.0 0.686010748393895
1.0 0.0 0.0 4.530335948147537 0.0 1.0 0.0 -1.692399486915938 0.0 0.0 1.0 0.686047907542759
1.0 0.0 0.0 4.530357684787095 0.0 1.0 0.0 -1.692352561927359 0.0 0.0 1.0 0.686071324283197
1.0 0.0 0.0 4.530339918320892 0.0 1.0 0.0 -1.692386697682267 0.0 0.0 1.0 0.686043413197841
1.0 0.0 0.0 4.530340664808507 0.0 1.0 0.0 -1.692391172521512 0.0 0.0 1.0 0.686056872300426
1.0 0.0 0.0 4.530350812057332 0.0 1.0 0.0 -1.692373570530279 0.0 0.0 1.0 0.68607675265479
1.0 0.0 0.0 4.530349123985245 0.0 1.0 0.0 -1.69237659398799 0.0 0.0 1.0 0.686073643352545
1.0 0.0 0.0 4.530340934699935 0.0 1.0 0.0 -1.692381991311446 0.0 0.0 1.0 0.686039284668269
1.0 0.0 0.0 4.530349307810202 0.0 1.0 0.0 -1.692371831363981 0.0 0.0 1.0 0.686064763769417
1.0 0.0 0.0 4.530331281213835 0.0 1.0 0.0 -1.692408099954215 0.0 0.0 1.0 0.686039840717393
1.0 0.0 0.0 4.53034034710517 0.0 1.0 0.0 -1.692399760653283 0.0 0.0 1.0 0.686072961100476
1.0 0.0 0.0 4.53033731915301 0.0 1.0 0.0 -1.692404657073564 0.0 0.0 1.0 0.686066288603097
1.0 0.0 0.0 4.53033739983518 0.0 1.0 0.0 -1.692398141805788 0.0 0.0 1.0 0.686053190647351
1.0 0.0 0.0 4.530340690061919 0.0 1.0 0.0 -1.692394231913986 0.0 0.0 1.0 0.686063374145906
1.0 0.0 0.0 4.530324544680062 0.0 1.0 0.0 -1.692425769947145 0.0 0.0 1.0 0.686039086733646
1.0 0.0 0.0 4.530335149140836 0.0 1.0 0.0 -1.692406844576883 0.0 0.0 1.0 0.686058758842164
1.0 0.0 0.0 4.530335239546463 0.0 1.0 0.0 -1.692408005316069 0.0 0.0 1.0 0.686061675540067
1.0 0.0 0.0 4.530330994936139 0.0 1.0 0.0 -1.692420575603331 0.0 0.0 1.0 0.686064187576324
1.0 0.0 0.0 4.530328922225158 0.0 1.0 0.0 -1.692404328430967 0.0 0.0 1.0 0.68601886946593
1.0 0.0 0.0 4.530331186890491 0.0 1.0 0.0 -1.692408025637902 0.0 0.0 1.0 0.686039161211815
1.0 0.0 0.0 4.530331855396756 0.0 1.0 0.0 -1.692417633842541 0.0 0.0 1.0 0.686062860049273
1.0 0.0 0.0 4.530327659118384 0.0 1.0 0.0 -1.692426042692331 0.0 0.0 1.0 0.686056988346845
1.0 0.0 0.0 4.530331246800833 0.0 1.0 0.0 -1.692418940954358 0.0 0.0 1.0 0.686062190510713
1.0 0.0 0.0 4.530322815217077 0.0 1.0 0.0 -1.692431306602539 0.0 0.0 1.0 0.686040973030022
1.0 0.0 0.0 4.530328486244558 0.0 1.0 0.0 -1.692422396000028 0.0 0.0 1.0 0.686054009516473
1.0 0.0 0.0 4.530331701012839 0.0 1.0 0.0 -1.692418150963306 0.0 0.0 1.0 0.686063076005103
1.0 0.0 0.0 4.530333118862496 0.0 1.0 0.0 -1.692418558180448 0.0 0.0 1.0 0.686071814477457
1.0 0.0 0.0 4.530329442513552 0.0 1.0 0.0 -1.692436044111114 0.0 0.0 1.0 0.686087711139972
1.0 0.0 0.0 4.53034177130292 0.0 1.0 0.0 -1.692401224547308 0.0 0.0 1.0 0.686083932201375
1.0 0.0 0.0 4.530333517665674 0.0 1.0 0.0 -1.692415791625601 0.0 0.0 1.0 0.686068281667638
1.0 0.0 0.0 4.530336646924845 0.0 1.0 0.0 -1.69240879446858 0.0 0.0 1.0 0.686071149877675
1.0 0.0 0.0 4.530337304574178 0.0 1.0 0.0 -1.692414183671404 0.0 0.0 1.0 0.686086016359046
1.0 0.0 0.0 4.530347556344204 0.0 1.0 0.0 -1.692398407075898 0.0 0.0 1.0 0.686110274395851
1.0 0.0 0.0 4.530338603224564 0.0 1.0 0.0 -1.692420375620424 0.0 0.0 1.0 0.686106120355083
1.0 0.0 0.0 4.53034940743586 0.0 1.0 0.0 -1.692392951957742 0.0 0.0 1.0 0.686109234784011
1.0 0.0 0.0 4.530349520111041 0.0 1.0 0.0 -1.692395874158444 0.0 0.0 1.0 0.68611593839633
1.0 0.0 0.0 4.530355787558997 0.0 1.0 0.0 -1.69238704378307 0.0 0.0 1.0 0.686132463431496
1.0 0.0 0.0 4.530358825969694 0.0 1.0 0.0 -1.692389748974317 0.0 0.0 1.0 0.686155002250827
1.0 0.0 0.0 4.530354890527191 0.0 1.0 0.0 -1.692406313588493 0.0 0.0 1.0 0.686167541569517
1.0 0.0 0.0 4.530370320034622 0.0 1.0 0.0 -1.69237967674971 0.0 0.0 1.0 0.686198041436817
1.0 0.0 0.0 4.530369947369019 0.0 1.0 0.0 -1.692393395025142 0.0 0.0 1.0 0.686224495916281
1.0 0.0 0.0 4.530393174476367 0.0 1.0 0.0 -1.69233314520506 0.0 0.0 1.0 0.686228505733804
1.0 0.0 0.0 4.53037392817783 0.0 1.0 0.0 -1.692397086929647 0.0 0.0 1.0 0.686254336090688
1.0 0.0 0.0 4.530377260175549 0.0 1.0 0.0 -1.69242126927189 0.0 0.0 1.0 0.686323183287847
1.0 0.0 0.0 4.530343494996737 0.0 1.0 0.0 -1.692532213893055 0.0 0.0 1.0 0.686365956721667
1.0 0.0 0.0 4.530458094047173 0.0 1.0 0.0 -1.692280989879494 0.0 0.0 1.0 0.686481504155165
1.0 0.0 0.0 4.531363052081628 0.0 1.0 0.0 -1.690414777744263 0.0 0.0 1.0 0.687642566906247
1.0 0.0 0.0 4.532008515158483 0.0 1.0 0.0 -1.688877319636869 0.0 0.0 1.0 0.688045539428454
1.0 0.0 0.0 4.533754644878196 0.0 1.0 0.0 -1.687351093567971 0.0 0.0 1.0 0.688580053110639
1.0 0.0 0.0 4.540954582800805 0.0 1.0 0.0 -1.680723793702157 0.0 0.0 1.0 0.696989171639359
1.0 0.0 0.0 4.555140282135285 0.0 1.0 0.0 -1.668020341974789 0.0 0.0 1.0 0.739757158930122
1.0 0.0 0.0 4.570902946604613 0.0 1.0 0.0 -1.653431446947316 0.0 0.0 1.0 0.805324176310103
1.0 0.0 0.0 4.583685263733913 0.0 1.0 0.0 -1.640648690562292 0.0 0.0 1.0 0.838838034214823
1.0 0.0 0.0 4.588372843607615 0.0 1.0 0.0 -1.636023363563379 0.0 0.0 1.0 0.84505508542905
1.0 0.0 0.0 4.600847830842136 0.0 1.0 0.0 -1.62600750610823 0.0 0.0 1.0 0.855134735409915
1.0 0.0 0.0 4.620119316431596 0.0 1.0 0.0 -1.604711701922907 0.0 0.0 1.0 0.871008143197414
1.0 0.0 0.0 4.63737376099607 0.0 1.0 0.0 -1.586133323273778 0.0 0.0 1.0 0.880305618174154
1.0 0.0 0.0 4.651194140502502 0.0 1.0 0.0 -1.578200428557977 0.0 0.0 1.0 0.883837775328039
1.0 0.0 0.0 4.683539213137028 0.0 1.0 0.0 -1.540763461732279 0.0 0.0 1.0 0.897435869299032
1.0 0.0 0.0 4.709312389279515 0.0 1.0 0.0 -1.513054740768335 0.0 0.0 1.0 0.90430018359954
1.0 0.0 0.0 4.737046097997465 0.0 1.0 0.0 -1.481348852927859 0.0 0.0 1.0 0.910506730931959
1.0 0.0 0.0 4.758916006921711 0.0 1.0 0.0 -1.466118734704152 0.0 0.0 1.0 0.912705213657473
1.0 0.0 0.0 4.800867233715526 0.0 1.0 0.0 -1.410872259246134 0.0 0.0 1.0 0.922075839503523
1.0 0.0 0.0 4.827808169017787 0.0 1.0 0.0 -1.370798048843309 0.0 0.0 1.0 0.927897159640052
1.0 0.0 0.0 4.858976896551929 0.0 1.0 0.0 -1.3280073697317 0.0 0.0 1.0 0.931644614979819
1.0 0.0 0.0 4.902933188965523 0.0 1.0 0.0 -1.232169697424952 0.0 0.0 1.0 0.932455168307686
1.0 0.0 0.0 4.912232138195697 0.0 1.0 0.0 -1.206226795988995 0.0 0.0 1.0 0.930238899582423
1.0 0.0 0.0 4.930573133791398 0.0 1.0 0.0 -1.150065608463281 0.0 0.0 1.0 0.927846111916702
1.0 0.0 0.0 4.948727409731136 0.0 1.0 0.0 -1.060007254646118 0.0 0.0 1.0 0.937432850110058
1.0 0.0 0.0 4.958270500676625 0.0 1.0 0.0 -0.99682566260585 0.0 0.0 1.0 0.951369595075293
1.0 0.0 0.0 4.955843523754526 0.0 1.0 0.0 -0.962890451227273 0.0 0.0 1.0 0.961561559757909
1.0 0.0 0.0 4.957267376473009 0.0 1.0 0.0 -0.929570232027983 0.0 0.0 1.0 0.972773400967488
1.0 0.0 0.0 4.957231991432779 0.0 1.0 0.0 -0.827880967591394 0.0 0.0 1.0 1.015868189709547
1.0 0.0 0.0 4.953400786725049 0.0 1.0 0.0 -0.757369417163536 0.0 0.0 1.0 1.049795185584676
1.0 0.0 0.0 4.948227072791679 0.0 1.0 0.0 -0.684909470788736 0.0 0.0 1.0 1.078549303014628
1.0 0.0 0.0 4.929524278899785 0.0 1.0 0.0 -0.573970587175916 0.0 0.0 1.0 1.109715646509741
1.0 0.0 0.0 4.916810830161872 0.0 1.0 0.0 -0.459938098668002 0.0 0.0 1.0 1.129579295159959
1.0 0.0 0.0 4.896460235622663 0.0 1.0 0.0 -0.38757441418184 0.0 0.0 1.0 1.137292446424045
1.0 0.0 0.0 4.862188410323772 0.0 1.0 0.0 -0.240432217152036 0.0 0.0 1.0 1.143730015749505
1.0 0.0 0.0 4.850023286180121 0.0 1.0 0.0 -0.205611923281834 0.0 0.0 1.0 1.147675703903857
1.0 0.0 0.0 4.790924108337595 0.0 1.0 0.0 -0.101158824709199 0.0 0.0 1.0 1.172826689122165
1.0 0.0 0.0 4.774222221724076 0.0 1.0 0.0 -0.06902942877388 0.0 0.0 1.0 1.184286011200957
1.0 0.0 0.0 4.736488050313835 0.0 1.0 0.0 -0.002704573638165 0.0 0.0 1.0 1.213475783899701
1.0 0.0 0.0 4.715338432498099 0.0 1.0 0.0 0.029864578982902 0.0 0.0 1.0 1.230167739317186
1.0 0.0 0.0 4.674084486852034 0.0 1.0 0.0 0.09526644278832 0.0 0.0 1.0 1.261270030445608
1.0 0.0 0.0 4.632943574422891 0.0 1.0 0.0 0.128246695571554 0.0 0.0 1.0 1.275627030892133
1.0 0.0 0.0 4.610427450606842 0.0 1.0 0.0 0.160929825236117 0.0 0.0 1.0 1.287085887569673
1.0 0.0 0.0 4.499822826849625 0.0 1.0 0.0 0.326330477176745 0.0 0.0 1.0 1.322133281330816
1.0 0.0 0.0 4.411357331485714 0.0 1.0 0.0 0.426414481407719 0.0 0.0 1.0 1.330883183558098
1.0 0.0 0.0 4.340635775973689 0.0 1.0 0.0 0.531446130654427 0.0 0.0 1.0 1.335445444020972
1.0 0.0 0.0 4.315194442272341 0.0 1.0 0.0 0.566165330054905 0.0 0.0 1.0 1.339292167036251
1.0 0.0 0.0 4.271525135787669 0.0 1.0 0.0 0.599486315666371 0.0 0.0 1.0 1.345796006260827
1.0 0.0 0.0 4.219665725624601 0.0 1.0 0.0 0.672980726944012 0.0 0.0 1.0 1.364495285486399
1.0 0.0 0.0 4.112154833260834 0.0 1.0 0.0 0.821027355018707 0.0 0.0 1.0 1.416806786250839
1.0 0.0 0.0 4.065968461551505 0.0 1.0 0.0 0.853194077847474 0.0 0.0 1.0 1.428170921361862
1.0 0.0 0.0 3.955475726212022 0.0 1.0 0.0 1.008160009905969 0.0 0.0 1.0 1.458810277559758
1.0 0.0 0.0 3.927081309062928 0.0 1.0 0.0 1.049805289680221 0.0 0.0 1.0 1.463840725447336
1.0 0.0 0.0 3.899207685105439 0.0 1.0 0.0 1.087452172085915 0.0 0.0 1.0 1.467345860940555
1.0 0.0 0.0 3.856646312473959 0.0 1.0 0.0 1.123779976431413 0.0 0.0 1.0 1.471527463803888
1.0 0.0 0.0 3.77579269866643 0.0 1.0 0.0 1.239798830721953 0.0 0.0 1.0 1.491469887998458
1.0 0.0 0.0 3.666880895619789 0.0 1.0 0.0 1.394426227077864 0.0 0.0 1.0 1.524064544078913
1.0 0.0 0.0 3.577167248058687 0.0 1.0 0.0 1.505314122717653 0.0 0.0 1.0 1.533764342193266
1.0 0.0 0.0 3.523035619907521 0.0 1.0 0.0 1.584609894391363 0.0 0.0 1.0 1.532700008927385
1.0 0.0 0.0 3.471220068172226 0.0 1.0 0.0 1.660761480821581 0.0 0.0 1.0 1.525885181208479
1.0 0.0 0.0 3.436712662043221 0.0 1.0 0.0 1.695253074961042 0.0 0.0 1.0 1.520123566240114
1.0 0.0 0.0 3.384601952685928 0.0 1.0 0.0 1.769253835310011 0.0 0.0 1.0 1.504980981187579
1.0 0.0 0.0 3.331430280969288 0.0 1.0 0.0 1.844819348605564 0.0 0.0 1.0 1.488715377940264
1.0 0.0 0.0 3.254573425049484 0.0 1.0 0.0 1.953911363641744 0.0 0.0 1.0 1.474632550771714
1.0 0.0 0.0 3.225222306210537 0.0 1.0 0.0 1.98866627586979 0.0 0.0 1.0 1.473328520846784
1.0 0.0 0.0 3.147279009275256 0.0 1.0 0.0 2.100941668198367 0.0 0.0 1.0 1.48060868101333
1.0 0.0 0.0 3.122525863415401 0.0 1.0 0.0 2.135831414631097 0.0 0.0 1.0 1.486357579361588
1.0 0.0 0.0 3.067370933890742 0.0 1.0 0.0 2.209222372826377 0.0 0.0 1.0 1.503418533479418
1.0 0.0 0.0 2.956174843751174 0.0 1.0 0.0 2.352499230784264 0.0 0.0 1.0 1.533174083743657
1.0 0.0 0.0 2.928060396890291 0.0 1.0 0.0 2.388931691508641 0.0 0.0 1.0 1.536713559725913
1.0 0.0 0.0 2.84066634861639 0.0 1.0 0.0 2.496743228026656 0.0 0.0 1.0 1.538107709340559
1.0 0.0 0.0 2.751540364789375 0.0 1.0 0.0 2.606375353304155 0.0 0.0 1.0 1.531244330383192
1.0 0.0 0.0 2.623504062660489 0.0 1.0 0.0 2.753086212388818 0.0 0.0 1.0 1.539991936155274
1.0 0.0 0.0 2.560606088379688 0.0 1.0 0.0 2.828959533986106 0.0 0.0 1.0 1.556502775384594
1.0 0.0 0.0 2.460228786955416 0.0 1.0 0.0 2.934465169170156 0.0 0.0 1.0 1.578393336915608
1.0 0.0 0.0 2.34812483789394 0.0 1.0 0.0 3.042377308331778 0.0 0.0 1.0 1.587452872034002
1.0 0.0 0.0 2.234614095821092 0.0 1.0 0.0 3.148848322500733 0.0 0.0 1.0 1.585827698518918
1.0 0.0 0.0 2.069885762539177 0.0 1.0 0.0 3.282300680724512 0.0 0.0 1.0 1.572878244155335
1.0 0.0 0.0 1.986940874772345 0.0 1.0 0.0 3.353194920477714 0.0 0.0 1.0 1.560290249982927
1.0 0.0 0.0 1.806189131686199 0.0 1.0 0.0 3.483693431549638 0.0 0.0 1.0 1.520672872914859
1.0 0.0 0.0 1.709075157675757 0.0 1.0 0.0 3.550175568164844 0.0 0.0 1.0 1.496568309830851
1.0 0.0 0.0 1.568352007573086 0.0 1.0 0.0 3.655835716535298 0.0 0.0 1.0 1.472961505464809
1.0 0.0 0.0 1.46856428282925 0.0 1.0 0.0 3.719596640218798 0.0 0.0 1.0 1.467778625593589
1.0 0.0 0.0 1.364169727867509 0.0 1.0 0.0 3.783627409397328 0.0 0.0 1.0 1.471464382382916
1.0 0.0 0.0 1.101805117697184 0.0 1.0 0.0 3.958654452923856 0.0 0.0 1.0 1.510885418899686
1.0 0.0 0.0 0.992183381487319 0.0 1.0 0.0 4.025594669615486 0.0 0.0 1.0 1.525420936736654
1.0 0.0 0.0 0.882020391426554 0.0 1.0 0.0 4.088949780449474 0.0 0.0 1.0 1.534680881704179
1.0 0.0 0.0 0.656637847651798 0.0 1.0 0.0 4.238167991614246 0.0 0.0 1.0 1.559184996579539
1.0 0.0 0.0 0.483398525641245 0.0 1.0 0.0 4.33622368105243 0.0 0.0 1.0 1.596108872251272
1.0 0.0 0.0 0.310053818798715 0.0 1.0 0.0 4.458927281403308 0.0 0.0 1.0 1.648018317797997
1.0 0.0 0.0 0.130162481895143 0.0 1.0 0.0 4.556395160964105 0.0 0.0 1.0 1.711223845487687
1.0 0.0 0.0 0.009517632308033 0.0 1.0 0.0 4.621233331026453 0.0 0.0 1.0 1.752678264879648
1.0 0.0 0.0 -0.228979116431538 0.0 1.0 0.0 4.788015724545174 0.0 0.0 1.0 1.819856752152027
1.0 0.0 0.0 -0.345293466911654 0.0 1.0 0.0 4.856385093233352 0.0 0.0 1.0 1.849149991751681
1.0 0.0 0.0 -0.581842666819033 0.0 1.0 0.0 5.032445807949991 0.0 0.0 1.0 1.929573329121037
1.0 0.0 0.0 -0.755025943266285 0.0 1.0 0.0 5.13135228116717 0.0 0.0 1.0 2.005233199840264
1.0 0.0 0.0 -1.098258428508131 0.0 1.0 0.0 5.391288963174848 0.0 0.0 1.0 2.190343379322057
1.0 0.0 0.0 -1.207944106213255 0.0 1.0 0.0 5.467018170437899 0.0 0.0 1.0 2.244478204110279
1.0 0.0 0.0 -1.530342459914277 0.0 1.0 0.0 5.743266598806986 0.0 0.0 1.0 2.378020272245303
1.0 0.0 0.0 -1.857176706202693 0.0 1.0 0.0 6.062935698462457 0.0 0.0 1.0 2.492233053014764
1.0 0.0 0.0 -1.977272562923512 0.0 1.0 0.0 6.221760413588449 0.0 0.0 1.0 2.555483519941279
1.0 0.0 0.0 -2.104167779532649 0.0 1.0 0.0 6.407585131900495 0.0 0.0 1.0 2.635580200533495
1.0 0.0 0.0 -2.185392424735507 0.0 1.0 0.0 6.556744059343435 0.0 0.0 1.0 2.684771517947898
1.0 0.0 0.0 -2.227114962039038 0.0 1.0 0.0 6.676467937235596 0.0 0.0 1.0 2.708738919853409
1.0 0.0 0.0 -2.252141570854418 0.0 1.0 0.0 6.798208722915188 0.0 0.0 1.0 2.734504074617163
1.0 0.0 0.0 -2.257810486897367 0.0 1.0 0.0 6.879507210867944 0.0 0.0 1.0 2.758971017585145
1.0 0.0 0.0 -2.260533790303439 0.0 1.0 0.0 7.090036734288759 0.0 0.0 1.0 2.838927153985106
1.0 0.0 0.0 -2.236880883081706 0.0 1.0 0.0 7.217278620257393 0.0 0.0 1.0 2.892279323537999
1.0 0.0 0.0 -2.203699086496126 0.0 1.0 0.0 7.370469751500138 0.0 0.0 1.0 2.938378741136422
1.0 0.0 0.0 -2.167971063456077 0.0 1.0 0.0 7.451252663854353 0.0 0.0 1.0 2.958889355028816
1.0 0.0 0.0 -2.124728558634215 0.0 1.0 0.0 7.530435054746453 0.0 0.0 1.0 2.974571488131802
1.0 0.0 0.0 -2.082274099925279 0.0 1.0 0.0 7.637208770402211 0.0 0.0 1.0 2.991003090677226
1.0 0.0 0.0 -1.964882095192721 0.0 1.0 0.0 7.783363861035811 0.0 0.0 1.0 2.998328209237679
1.0 0.0 0.0 -1.901614918736482 0.0 1.0 0.0 7.874261312834297 0.0 0.0 1.0 2.999165504815848
1.0 0.0 0.0 -1.752122247552401 0.0 1.0 0.0 7.994194364883401 0.0 0.0 1.0 2.99389139549036
1.0 0.0 0.0 -1.669097627316765 0.0 1.0 0.0 8.045994795979142 0.0 0.0 1.0 3.000577946990714
1.0 0.0 0.0 -1.579559270770766 0.0 1.0 0.0 8.103349272544907 0.0 0.0 1.0 3.017572061347057
1.0 0.0 0.0 -1.488875732658843 0.0 1.0 0.0 8.146208748782286 0.0 0.0 1.0 3.040305859403973
1.0 0.0 0.0 -1.342426553066083 0.0 1.0 0.0 8.180614714931453 0.0 0.0 1.0 3.08496798155036
1.0 0.0 0.0 -1.135869569287976 0.0 1.0 0.0 8.201869307599273 0.0 0.0 1.0 3.15631134464159
1.0 0.0 0.0 -1.030353213412002 0.0 1.0 0.0 8.200763175741727 0.0 0.0 1.0 3.184685908188486
1.0 0.0 0.0 -0.924019619043561 0.0 1.0 0.0 8.199269098576865 0.0 0.0 1.0 3.208429393466093
1.0 0.0 0.0 -0.717209881410102 0.0 1.0 0.0 8.186715533352427 0.0 0.0 1.0 3.239645266220887
1.0 0.0 0.0 -0.561225757281914 0.0 1.0 0.0 8.165899274348552 0.0 0.0 1.0 3.250161587975628
1.0 0.0 0.0 -0.411236660024816 0.0 1.0 0.0 8.152474091655652 0.0 0.0 1.0 3.263602084229761
1.0 0.0 0.0 -0.261135693265345 0.0 1.0 0.0 8.133546914960453 0.0 0.0 1.0 3.289546638440454
1.0 0.0 0.0 -0.159896342062113 0.0 1.0 0.0 8.125145445719594 0.0 0.0 1.0 3.311559470195209
1.0 0.0 0.0 -0.008819484427835 0.0 1.0 0.0 8.113452606767297 0.0 0.0 1.0 3.334108954159063
1.0 0.0 0.0 0.043462372504007 0.0 1.0 0.0 8.109312631776382 0.0 0.0 1.0 3.338315991292173
1.0 0.0 0.0 0.195426585539668 0.0 1.0 0.0 8.097783641411505 0.0 0.0 1.0 3.343088253562075
1.0 0.0 0.0 0.30248836926803 0.0 1.0 0.0 8.090860859717967 0.0 0.0 1.0 3.341003805639372
1.0 0.0 0.0 0.614172046944385 0.0 1.0 0.0 8.073323345067427 0.0 0.0 1.0 3.331354028101242
1.0 0.0 0.0 0.772307733561407 0.0 1.0 0.0 8.068320492038143 0.0 0.0 1.0 3.347899911198504
1.0 0.0 0.0 1.029303520435637 0.0 1.0 0.0 8.06511440094158 0.0 0.0 1.0 3.407014509345216
1.0 0.0 0.0 1.230328044730083 0.0 1.0 0.0 8.062462149471392 0.0 0.0 1.0 3.439263258859386
1.0 0.0 0.0 1.324656505712428 0.0 1.0 0.0 8.065986536785035 0.0 0.0 1.0 3.449005343654464
1.0 0.0 0.0 1.472594989671124 0.0 1.0 0.0 8.08870130218886 0.0 0.0 1.0 3.464860590886237
1.0 0.0 0.0 1.566275423595893 0.0 1.0 0.0 8.10234699245259 0.0 0.0 1.0 3.474104700364925
1.0 0.0 0.0 1.714331803685508 0.0 1.0 0.0 8.148361642973942 0.0 0.0 1.0 3.502627481341752
1.0 0.0 0.0 1.811531232281302 0.0 1.0 0.0 8.176807294190615 0.0 0.0 1.0 3.528311149746192
1.0 0.0 0.0 2.067537345274217 0.0 1.0 0.0 8.271246428553066 0.0 0.0 1.0 3.577417130235942
1.0 0.0 0.0 2.230839647662235 0.0 1.0 0.0 8.328552620474213 0.0 0.0 1.0 3.591474991949224
1.0 0.0 0.0 2.400074454292359 0.0 1.0 0.0 8.40456213284112 0.0 0.0 1.0 3.603915566849671
1.0 0.0 0.0 2.565225036886929 0.0 1.0 0.0 8.481668258883658 0.0 0.0 1.0 3.62864835223448
1.0 0.0 0.0 2.673214411621446 0.0 1.0 0.0 8.518628985753516 0.0 0.0 1.0 3.648921486895883
1.0 0.0 0.0 2.837843198638789 0.0 1.0 0.0 8.59880507463125 0.0 0.0 1.0 3.682053218937467
1.0 0.0 0.0 2.93940980065677 0.0 1.0 0.0 8.63407153401389 0.0 0.0 1.0 3.691045192402689
1.0 0.0 0.0 3.095904506990423 0.0 1.0 0.0 8.72158982401272 0.0 0.0 1.0 3.702292263776576
1.0 0.0 0.0 3.189049414521064 0.0 1.0 0.0 8.7601117148089 0.0 0.0 1.0 3.702580636787049
1.0 0.0 0.0 3.372894891064333 0.0 1.0 0.0 8.876769261895406 0.0 0.0 1.0 3.729546677933807
1.0 0.0 0.0 3.426000783235619 0.0 1.0 0.0 8.935651260756128 0.0 0.0 1.0 3.747090160267316
1.0 0.0 0.0 3.464778802688649 0.0 1.0 0.0 8.963034036088311 0.0 0.0 1.0 3.758285324961018
1.0 0.0 0.0 3.537111314595073 0.0 1.0 0.0 9.019753291027973 0.0 0.0 1.0 3.784500275118029
1.0 0.0 0.0 3.692123079768817 0.0 1.0 0.0 9.198688238970052 0.0 0.0 1.0 3.856220571646876
1.0 0.0 0.0 3.764221363902246 0.0 1.0 0.0 9.292513162454464 0.0 0.0 1.0 3.882645831746018
1.0 0.0 0.0 3.828873385469595 0.0 1.0 0.0 9.375417411017205 0.0 0.0 1.0 3.898150748180407
1.0 0.0 0.0 4.291701218369612 0.0 1.0 0.0 10.111969390572051 0.0 0.0 1.0 3.876808157537358
1.0 0.0 0.0 4.315174433511904 0.0 1.0 0.0 10.152985342779989 0.0 0.0 1.0 3.867909608522094
1.0 0.0 0.0 4.338444534674554 0.0 1.0 0.0 10.195572701600037 0.0 0.0 1.0 3.862036335591642
1.0 0.0 0.0 4.420447568024637 0.0 1.0 0.0 10.35887379848735 0.0 0.0 1.0 3.855059646140678
1.0 0.0 0.0 4.440859401114597 0.0 1.0 0.0 10.4002101356218 0.0 0.0 1.0 3.849855035159872
1.0 0.0 0.0 4.495137710914158 0.0 1.0 0.0 10.516038989627024 0.0 0.0 1.0 3.838929764270108
1.0 0.0 0.0 4.532547467853194 0.0 1.0 0.0 10.595545697150724 0.0 0.0 1.0 3.813438392452256
1.0 0.0 0.0 4.618689057052983 0.0 1.0 0.0 10.780779865634509 0.0 0.0 1.0 3.754535196729954
1.0 0.0 0.0 4.724134544881058 0.0 1.0 0.0 10.9886646316045 0.0 0.0 1.0 3.663597676981826
1.0 0.0 0.0 4.744075886010191 0.0 1.0 0.0 11.021508151014459 0.0 0.0 1.0 3.644102143514321
1.0 0.0 0.0 4.820980060704324 0.0 1.0 0.0 11.13851322510634 0.0 0.0 1.0 3.598952699464834
1.0 0.0 0.0 4.843552948098505 0.0 1.0 0.0 11.16511952412097 0.0 0.0 1.0 3.587741685730587
1.0 0.0 0.0 4.880582048066637 0.0 1.0 0.0 11.217536431138662 0.0 0.0 1.0 3.582205259590423
1.0 0.0 0.0 4.961429837727683 0.0 1.0 0.0 11.281954798904419 0.0 0.0 1.0 3.563319821128237
1.0 0.0 0.0 5.094083401668498 0.0 1.0 0.0 11.361380230279003 0.0 0.0 1.0 3.565101438311553
1.0 0.0 0.0 5.198823781251968 0.0 1.0 0.0 11.405080177776009 0.0 0.0 1.0 3.57212463831357
1.0 0.0 0.0 5.26467737089876 0.0 1.0 0.0 11.41370910860681 0.0 0.0 1.0 3.567073184059071
1.0 0.0 0.0 5.33969824837685 0.0 1.0 0.0 11.43396648831518 0.0 0.0 1.0 3.559027387530008
1.0 0.0 0.0 5.40844877401588 0.0 1.0 0.0 11.435934811698834 0.0 0.0 1.0 3.542659473225173
1.0 0.0 0.0 5.472884529866133 0.0 1.0 0.0 11.43901719428671 0.0 0.0 1.0 3.523241433268995
1.0 0.0 0.0 5.510619739135629 0.0 1.0 0.0 11.44968601571909 0.0 0.0 1.0 3.512910017946578
1.0 0.0 0.0 5.610971982903354 0.0 1.0 0.0 11.45457809287429 0.0 0.0 1.0 3.476394487730441
1.0 0.0 0.0 5.673199622470352 0.0 1.0 0.0 11.448727091151124 0.0 0.0 1.0 3.456730948946424
1.0 0.0 0.0 5.730302570778269 0.0 1.0 0.0 11.44270303897996 0.0 0.0 1.0 3.444529410140489
1.0 0.0 0.0 5.758763337812654 0.0 1.0 0.0 11.438181259046724 0.0 0.0 1.0 3.440320359076628
1.0 0.0 0.0 5.871282241301348 0.0 1.0 0.0 11.422975430892482 0.0 0.0 1.0 3.440028145786368
1.0 0.0 0.0 5.900750639057242 0.0 1.0 0.0 11.420816662211655 0.0 0.0 1.0 3.443710153071149
1.0 0.0 0.0 6.057505374255613 0.0 1.0 0.0 11.363112735286691 0.0 0.0 1.0 3.473566278978038
1.0 0.0 0.0 6.110753699404151 0.0 1.0 0.0 11.335170744665719 0.0 0.0 1.0 3.476693021268086
1.0 0.0 0.0 6.217841785371353 0.0 1.0 0.0 11.263730706898796 0.0 0.0 1.0 3.465443463491477
1.0 0.0 0.0 6.273959611470195 0.0 1.0 0.0 11.223167973713522 0.0 0.0 1.0 3.452915394744632
1.0 0.0 0.0 6.303431483365327 0.0 1.0 0.0 11.20003346351163 0.0 0.0 1.0 3.444202484667027
1.0 0.0 0.0 6.411217052317446 0.0 1.0 0.0 11.082157570738383 0.0 0.0 1.0 3.399791539081641
1.0 0.0 0.0 6.46687741497148 0.0 1.0 0.0 11.01786256967489 0.0 0.0 1.0 3.380858452680925
1.0 0.0 0.0 6.514853675200724 0.0 1.0 0.0 10.931960891568325 0.0 0.0 1.0 3.367024256476518
1.0 0.0 0.0 6.584854260839503 0.0 1.0 0.0 10.792664684992458 0.0 0.0 1.0 3.361904659429703
1.0 0.0 0.0 6.715911247680256 0.0 1.0 0.0 10.54765673288252 0.0 0.0 1.0 3.376134149488342
1.0 0.0 0.0 6.780075577370277 0.0 1.0 0.0 10.361581615457881 0.0 0.0 1.0 3.370645995725153
1.0 0.0 0.0 6.833534617565062 0.0 1.0 0.0 10.244587306268517 0.0 0.0 1.0 3.373155371634706
1.0 0.0 0.0 6.968647256529065 0.0 1.0 0.0 9.715657734872787 0.0 0.0 1.0 3.411260114733417
1.0 0.0 0.0 7.025252369835271 0.0 1.0 0.0 9.571601116130948 0.0 0.0 1.0 3.419441704462806
1.0 0.0 0.0 7.077110745236059 0.0 1.0 0.0 9.3032442559372 0.0 0.0 1.0 3.397955931956752
1.0 0.0 0.0 7.517459212034539 0.0 1.0 0.0 7.054566817667901 0.0 0.0 1.0 2.910366578171392
1.0 0.0 0.0 7.539124679270121 0.0 1.0 0.0 6.951869145887541 0.0 0.0 1.0 2.892514444651888
1.0 0.0 0.0 7.58182463569754 0.0 1.0 0.0 6.520121145103256 0.0 0.0 1.0 2.794166345228843
1.0 0.0 0.0 7.614791446789972 0.0 1.0 0.0 6.320769214084555 0.0 0.0 1.0 2.735926433926787
1.0 0.0 0.0 7.593575745152602 0.0 1.0 0.0 6.189034728256603 0.0 0.0 1.0 2.697711949588769
1.0 0.0 0.0 7.643178915017866 0.0 1.0 0.0 5.895015070555814 0.0 0.0 1.0 2.593716721354028
1.0 0.0 0.0 7.646553070644913 0.0 1.0 0.0 5.580288451825409 0.0 0.0 1.0 2.473938679761433
1.0 0.0 0.0 7.67837970119061 0.0 1.0 0.0 5.190976358052639 0.0 0.0 1.0 2.303512626407668
1.0 0.0 0.0 7.724465751107728 0.0 1.0 0.0 4.825947570055448 0.0 0.0 1.0 2.120465808186996
1.0 0.0 0.0 7.758481236489783 0.0 1.0 0.0 4.664613689531796 0.0 0.0 1.0 2.028598975230391
1.0 0.0 0.0 7.749666439878924 0.0 1.0 0.0 4.569441825266034 0.0 0.0 1.0 1.977875483083451
1.0 0.0 0.0 7.769113034121602 0.0 1.0 0.0 4.489461635593947 0.0 0.0 1.0 1.928140766549745
1.0 0.0 0.0 7.81780858079995 0.0 1.0 0.0 4.25435726515656 0.0 0.0 1.0 1.791024476543597
1.0 0.0 0.0 7.837544617153373 0.0 1.0 0.0 4.013857036461213 0.0 0.0 1.0 1.668521222315405
1.0 0.0 0.0 7.847815316893034 0.0 1.0 0.0 3.944056890596585 0.0 0.0 1.0 1.634751929073453
1.0 0.0 0.0 7.849251844331477 0.0 1.0 0.0 3.791285855371135 0.0 0.0 1.0 1.56886331951888
1.0 0.0 0.0 7.881429320422429 0.0 1.0 0.0 3.586697814358545 0.0 0.0 1.0 1.486694291055371
1.0 0.0 0.0 7.900780306792833 0.0 1.0 0.0 3.326849764266495 0.0 0.0 1.0 1.403824268803166
1.0 0.0 0.0 7.911630663062816 0.0 1.0 0.0 3.150987235188906 0.0 0.0 1.0 1.35922187059633
1.0 0.0 0.0 7.927615917259522 0.0 1.0 0.0 3.039796075521127 0.0 0.0 1.0 1.327528720206073
1.0 0.0 0.0 7.93502221572342 0.0 1.0 0.0 2.887868341298028 0.0 0.0 1.0 1.27514249804129
1.0 0.0 0.0 7.946603397776933 0.0 1.0 0.0 2.795787449100271 0.0 0.0 1.0 1.236648112492066
1.0 0.0 0.0 7.959963159100042 0.0 1.0 0.0 2.628160671165783 0.0 0.0 1.0 1.168093270202964
1.0 0.0 0.0 7.973412644923691 0.0 1.0 0.0 2.492916625456249 0.0 0.0 1.0 1.130987075564031
1.0 0.0 0.0 7.977887288578312 0.0 1.0 0.0 2.464319618315406 0.0 0.0 1.0 1.126269897782215
1.0 0.0 0.0 7.985736037709422 0.0 1.0 0.0 2.388993469488481 0.0 0.0 1.0 1.117736067499523
1.0 0.0 0.0 7.991647350422481 0.0 1.0 0.0 2.342676144193478 0.0 0.0 1.0 1.107487502789632
1.0 0.0 0.0 8.000343227240453 0.0 1.0 0.0 2.290051517164844 0.0 0.0 1.0 1.081132642529107
1.0 0.0 0.0 8.003831798613136 0.0 1.0 0.0 2.275911932331222 0.0 0.0 1.0 1.070839080258343
1.0 0.0 0.0 8.00753090351264 0.0 1.0 0.0 2.252415558972082 0.0 0.0 1.0 1.054999143462096
1.0 0.0 0.0 8.009701889059292 0.0 1.0 0.0 2.235575410282884 0.0 0.0 1.0 1.046663436544401
1.0 0.0 0.0 8.010392281573527 0.0 1.0 0.0 2.225264401546105 0.0 0.0 1.0 1.044872987407195
1.0 0.0 0.0 8.008831252964878 0.0 1.0 0.0 2.220307082288561 0.0 0.0 1.0 1.048074622527554
1.0 0.0 0.0 8.005014025990322 0.0 1.0 0.0 2.222254922646696 0.0 0.0 1.0 1.045268146814787
1.0 0.0 0.0 7.999870420996921 0.0 1.0 0.0 2.227771265525781 0.0 0.0 1.0 1.036703675088897
1.0 0.0 0.0 7.993816362071662 0.0 1.0 0.0 2.235273841222746 0.0 0.0 1.0 1.022410816807232
1.0 0.0 0.0 7.988182152770516 0.0 1.0 0.0 2.244068078823988 0.0 0.0 1.0 1.004528425108859
1.0 0.0 0.0 7.984816704684296 0.0 1.0 0.0 2.254451051065006 0.0 0.0 1.0 0.965403081180878
1.0 0.0 0.0 7.98436783834459 0.0 1.0 0.0 2.256077626567179 0.0 0.0 1.0 0.950222886004553
1.0 0.0 0.0 7.988588561495783 0.0 1.0 0.0 2.254623333856912 0.0 0.0 1.0 0.915862263815688
1.0 0.0 0.0 7.998251478555886 0.0 1.0 0.0 2.234463591194495 0.0 0.0 1.0 0.859343230639957
1.0 0.0 0.0 8.01167056325423 0.0 1.0 0.0 2.208238030176282 0.0 0.0 1.0 0.820203586390604
1.0 0.0 0.0 8.03221275424019 0.0 1.0 0.0 2.146945795430189 0.0 0.0 1.0 0.758612067056103
1.0 0.0 0.0 8.042456666976275 0.0 1.0 0.0 2.120955456977296 0.0 0.0 1.0 0.738809721192832
1.0 0.0 0.0 8.065669382685163 0.0 1.0 0.0 2.025850573081718 0.0 0.0 1.0 0.693773058328644
1.0 0.0 0.0 8.090508090472953 0.0 1.0 0.0 1.914397760618914 0.0 0.0 1.0 0.670629567155017
1.0 0.0 0.0 8.10696443027652 0.0 1.0 0.0 1.830757641791299 0.0 0.0 1.0 0.66266347280608
1.0 0.0 0.0 8.121975401922054 0.0 1.0 0.0 1.743715280983797 0.0 0.0 1.0 0.652332394436476
1.0 0.0 0.0 8.144577129953177 0.0 1.0 0.0 1.606040532556742 0.0 0.0 1.0 0.627089567342907
1.0 0.0 0.0 8.152865893862582 0.0 1.0 0.0 1.557592705638464 0.0 0.0 1.0 0.616734337350481
1.0 0.0 0.0 8.161156699185405 0.0 1.0 0.0 1.50747000802866 0.0 0.0 1.0 0.606394289333343
1.0 0.0 0.0 8.177548942773129 0.0 1.0 0.0 1.405446753418942 0.0 0.0 1.0 0.59011619238696
1.0 0.0 0.0 8.19494689608646 0.0 1.0 0.0 1.294920595021752 0.0 0.0 1.0 0.582665855383898
1.0 0.0 0.0 8.250802349907467 0.0 1.0 0.0 1.006856785314341 0.0 0.0 1.0 0.585331255039514
1.0 0.0 0.0 8.255959460909251 0.0 1.0 0.0 0.945676355123353 0.0 0.0 1.0 0.584847848233082
1.0 0.0 0.0 8.294747187855465 0.0 1.0 0.0 0.756197587506802 0.0 0.0 1.0 0.576518023210964
1.0 0.0 0.0 8.30700264576704 0.0 1.0 0.0 0.693060383318872 0.0 0.0 1.0 0.573591990329761
1.0 0.0 0.0 8.373803488541574 0.0 1.0 0.0 0.444680866614929 0.0 0.0 1.0 0.577565811921021
1.0 0.0 0.0 8.38788621365913 0.0 1.0 0.0 0.377490162895476 0.0 0.0 1.0 0.584083991944599
1.0 0.0 0.0 8.462516848502311 0.0 1.0 0.0 0.251191566203097 0.0 0.0 1.0 0.597744995792787
1.0 0.0 0.0 8.514431922736524 0.0 1.0 0.0 0.069994248206456 0.0 0.0 1.0 0.618903362213337
1.0 0.0 0.0 8.533294241204219 0.0 1.0 0.0 0.00756017514704 0.0 0.0 1.0 0.623582618620402
1.0 0.0 0.0 8.579526277269618 0.0 1.0 0.0 -0.115890419291654 0.0 0.0 1.0 0.631155673995397
1.0 0.0 0.0 8.742390172977734 0.0 1.0 0.0 -0.400317110033943 0.0 0.0 1.0 0.655646676352331
1.0 0.0 0.0 8.805613609983306 0.0 1.0 0.0 -0.458449399343733 0.0 0.0 1.0 0.662870197523118
1.0 0.0 0.0 8.838853445612765 0.0 1.0 0.0 -0.514884497616206 0.0 0.0 1.0 0.675020453339376
1.0 0.0 0.0 8.90719762398827 0.0 1.0 0.0 -0.621257160607505 0.0 0.0 1.0 0.704657681743709
1.0 0.0 0.0 9.05091000946273 0.0 1.0 0.0 -0.775825188395036 0.0 0.0 1.0 0.747779225204917
1.0 0.0 0.0 9.12848182776197 0.0 1.0 0.0 -0.875007183585683 0.0 0.0 1.0 0.771770558939786
1.0 0.0 0.0 9.207522222509237 0.0 1.0 0.0 -0.92733805039332 0.0 0.0 1.0 0.778414859463748
1.0 0.0 0.0 9.284181822693405 0.0 1.0 0.0 -1.02445224928803 0.0 0.0 1.0 0.793752511449392
1.0 0.0 0.0 9.431551980190521 0.0 1.0 0.0 -1.169031490792678 0.0 0.0 1.0 0.803754123821675
1.0 0.0 0.0 9.501566448793051 0.0 1.0 0.0 -1.26388940111808 0.0 0.0 1.0 0.808125349227074
1.0 0.0 0.0 9.534758400554065 0.0 1.0 0.0 -1.310591976892965 0.0 0.0 1.0 0.808822238211774
1.0 0.0 0.0 9.631147823534198 0.0 1.0 0.0 -1.415013277265104 0.0 0.0 1.0 0.806696560441823
1.0 0.0 0.0 9.659378494441693 0.0 1.0 0.0 -1.464168836643599 0.0 0.0 1.0 0.807950103827519
1.0 0.0 0.0 9.770313121921827 0.0 1.0 0.0 -1.615119195593216 0.0 0.0 1.0 0.82043672820689
1.0 0.0 0.0 9.816909183648823 0.0 1.0 0.0 -1.713464878030478 0.0 0.0 1.0 0.839321396498356
1.0 0.0 0.0 9.892776466403182 0.0 1.0 0.0 -1.819480326951048 0.0 0.0 1.0 0.857538887367083
1.0 0.0 0.0 9.936813714338827 0.0 1.0 0.0 -1.920684175659027 0.0 0.0 1.0 0.871993346521813
1.0 0.0 0.0 9.957942179798453 0.0 1.0 0.0 -1.970731457852659 0.0 0.0 1.0 0.876614037562882
1.0 0.0 0.0 10.076763098472284 0.0 1.0 0.0 -2.178538459072922 0.0 0.0 1.0 0.879837841216856
1.0 0.0 0.0 10.11784307512683 0.0 1.0 0.0 -2.284158301290233 0.0 0.0 1.0 0.876306445056982
1.0 0.0 0.0 10.189358217410353 0.0 1.0 0.0 -2.399597999411042 0.0 0.0 1.0 0.867246192252421
1.0 0.0 0.0 10.287480315664734 0.0 1.0 0.0 -2.57398302243629 0.0 0.0 1.0 0.854925138046926
1.0 0.0 0.0 10.308354106679527 0.0 1.0 0.0 -2.630348061589639 0.0 0.0 1.0 0.854650930246382
1.0 0.0 0.0 10.350053153815601 0.0 1.0 0.0 -2.745952147694167 0.0 0.0 1.0 0.860370782913037
1.0 0.0 0.0 10.788232470431275 0.0 1.0 0.0 -3.426184102470002 0.0 0.0 1.0 1.00096377980894
1.0 0.0 0.0 10.823946318743058 0.0 1.0 0.0 -3.484025746082206 0.0 0.0 1.0 1.014428887202793
1.0 0.0 0.0 10.900213995690704 0.0 1.0 0.0 -3.598633295468333 0.0 0.0 1.0 1.037123334619679
1.0 0.0 0.0 10.939375497630188 0.0 1.0 0.0 -3.653414687815823 0.0 0.0 1.0 1.046831273093319
1.0 0.0 0.0 11.861255012520283 0.0 1.0 0.0 -4.430190423925233 0.0 0.0 1.0 1.090110574189183
1.0 0.0 0.0 12.020447970240465 0.0 1.0 0.0 -4.538274567628218 0.0 0.0 1.0 1.120414713329183
1.0 0.0 0.0 12.288253389444757 0.0 1.0 0.0 -4.687560859904864 0.0 0.0 1.0 1.165293182964367
1.0 0.0 0.0 12.396653146868072 0.0 1.0 0.0 -4.737841594421324 0.0 0.0 1.0 1.171899166654317
1.0 0.0 0.0 12.61813287712868 0.0 1.0 0.0 -4.845659812985501 0.0 0.0 1.0 1.185260434842928
1.0 0.0 0.0 12.785634492615179 0.0 1.0 0.0 -4.914432984878635 0.0 0.0 1.0 1.184101011163938
1.0 0.0 0.0 12.957837223113302 0.0 1.0 0.0 -4.979999805611331 0.0 0.0 1.0 1.193550006128701
1.0 0.0 0.0 13.18587114411216 0.0 1.0 0.0 -5.062863032947412 0.0 0.0 1.0 1.218641767162429
1.0 0.0 0.0 13.411723773962304 0.0 1.0 0.0 -5.142791372707602 0.0 0.0 1.0 1.242483202693448
1.0 0.0 0.0 13.523362513805601 0.0 1.0 0.0 -5.181782113337311 0.0 0.0 1.0 1.252726109575697
1.0 0.0 0.0 13.687544769204724 0.0 1.0 0.0 -5.242649133930851 0.0 0.0 1.0 1.256578521617679
1.0 0.0 0.0 13.847191491159874 0.0 1.0 0.0 -5.301210334218529 0.0 0.0 1.0 1.25698399470294
1.0 0.0 0.0 13.898870438907753 0.0 1.0 0.0 -5.320011591988989 0.0 0.0 1.0 1.255590742815867
1.0 0.0 0.0 14.05646740600306 0.0 1.0 0.0 -5.378042591913785 0.0 0.0 1.0 1.249754108140724
1.0 0.0 0.0 14.320055865837668 0.0 1.0 0.0 -5.467227740899101 0.0 0.0 1.0 1.250836733457115
1.0 0.0 0.0 14.476264908285504 0.0 1.0 0.0 -5.510415728344059 0.0 0.0 1.0 1.271864208202393
1.0 0.0 0.0 14.630468650848776 0.0 1.0 0.0 -5.555884310249708 0.0 0.0 1.0 1.29176798662694
1.0 0.0 0.0 14.731363143764888 0.0 1.0 0.0 -5.580934209562064 0.0 0.0 1.0 1.308331345616157
1.0 0.0 0.0 14.97768557707643 0.0 1.0 0.0 -5.648144406707311 0.0 0.0 1.0 1.321723199964863
1.0 0.0 0.0 15.022866009350533 0.0 1.0 0.0 -5.658721140548965 0.0 0.0 1.0 1.322107674360803
1.0 0.0 0.0 15.202721246496203 0.0 1.0 0.0 -5.705913102406615 0.0 0.0 1.0 1.317085458247084
1.0 0.0 0.0 15.328080134394126 0.0 1.0 0.0 -5.738765926082699 0.0 0.0 1.0 1.308757707454299
1.0 0.0 0.0 15.450068867533624 0.0 1.0 0.0 -5.760202685742607 0.0 0.0 1.0 1.289602946211056
1.0 0.0 0.0 15.587265873378854 0.0 1.0 0.0 -5.783323822266126 0.0 0.0 1.0 1.262752596222845
1.0 0.0 0.0 15.620285646368025 0.0 1.0 0.0 -5.785874629147063 0.0 0.0 1.0 1.252029364356308
1.0 0.0 0.0 15.65340676326824 0.0 1.0 0.0 -5.788065919036434 0.0 0.0 1.0 1.240122693332239
1.0 0.0 0.0 15.769084003945038 0.0 1.0 0.0 -5.804908195065092 0.0 0.0 1.0 1.200543986836133
1.0 0.0 0.0 15.795722111995529 0.0 1.0 0.0 -5.807003852813107 0.0 0.0 1.0 1.185160401811666
1.0 0.0 0.0 15.8223237044894 0.0 1.0 0.0 -5.809200236831442 0.0 0.0 1.0 1.170631925351568
1.0 0.0 0.0 15.918324954073487 0.0 1.0 0.0 -5.824134406765672 0.0 0.0 1.0 1.134425142866653
1.0 0.0 0.0 15.942655653644419 0.0 1.0 0.0 -5.827001659120951 0.0 0.0 1.0 1.126599766820907
1.0 0.0 0.0 15.986785484748543 0.0 1.0 0.0 -5.836978475946006 0.0 0.0 1.0 1.120391776771843
1.0 0.0 0.0 16.011795427321804 0.0 1.0 0.0 -5.841183649266539 0.0 0.0 1.0 1.117236065143419
1.0 0.0 0.0 16.05747745726164 0.0 1.0 0.0 -5.84725640343418 0.0 0.0 1.0 1.116695289366334
1.0 0.0 0.0 16.07995069356222 0.0 1.0 0.0 -5.850049106336638 0.0 0.0 1.0 1.119712330455301
1.0 0.0 0.0 16.248621123441385 0.0 1.0 0.0 -5.874482403982016 0.0 0.0 1.0 1.160651777561698
1.0 0.0 0.0 16.27328596515025 0.0 1.0 0.0 -5.877326892614923 0.0 0.0 1.0 1.168840425297795
1.0 0.0 0.0 16.340256908318864 0.0 1.0 0.0 -5.887367620201638 0.0 0.0 1.0 1.190072854399474
1.0 0.0 0.0 16.383238452853483 0.0 1.0 0.0 -5.887374197075067 0.0 0.0 1.0 1.215771860426149
1.0 0.0 0.0 16.420855624947283 0.0 1.0 0.0 -5.892655325507898 0.0 0.0 1.0 1.227250691503854
1.0 0.0 0.0 16.46211973693067 0.0 1.0 0.0 -5.890975492443486 0.0 0.0 1.0 1.24539202353406
1.0 0.0 0.0 16.48170113300456 0.0 1.0 0.0 -5.889922127095282 0.0 0.0 1.0 1.251032671814504
1.0 0.0 0.0 16.500404639945053 0.0 1.0 0.0 -5.888303636094592 0.0 0.0 1.0 1.255855138706539
1.0 0.0 0.0 16.549666124718048 0.0 1.0 0.0 -5.890305497963349 0.0 0.0 1.0 1.260924407076711
1.0 0.0 0.0 16.565266422044466 0.0 1.0 0.0 -5.888308862276314 0.0 0.0 1.0 1.262967327215121
1.0 0.0 0.0 16.58011700573356 0.0 1.0 0.0 -5.88548283491795 0.0 0.0 1.0 1.266458078066612
1.0 0.0 0.0 16.618446472448664 0.0 1.0 0.0 -5.882584423966061 0.0 0.0 1.0 1.278474931758393
1.0 0.0 0.0 16.630238077062746 0.0 1.0 0.0 -5.879562448960697 0.0 0.0 1.0 1.287228873993179
1.0 0.0 0.0 16.651075941391884 0.0 1.0 0.0 -5.872391715208167 0.0 0.0 1.0 1.310017204923614
1.0 0.0 0.0 16.661161636962404 0.0 1.0 0.0 -5.868303565505612 0.0 0.0 1.0 1.3247954893285
1.0 0.0 0.0 16.68411323747259 0.0 1.0 0.0 -5.861255693828699 0.0 0.0 1.0 1.359699846876859
1.0 0.0 0.0 16.715412329439786 0.0 1.0 0.0 -5.830988785819481 0.0 0.0 1.0 1.476295500035177
1.0 0.0 0.0 16.722612816388022 0.0 1.0 0.0 -5.806997666873948 0.0 0.0 1.0 1.559917790594807
1.0 0.0 0.0 16.726475753962557 0.0 1.0 0.0 -5.779330223965784 0.0 0.0 1.0 1.633937674968625
1.0 0.0 0.0 16.72600191670385 0.0 1.0 0.0 -5.758186639740964 0.0 0.0 1.0 1.673255658881837
1.0 0.0 0.0 16.726803950334478 0.0 1.0 0.0 -5.736310782014294 0.0 0.0 1.0 1.705883969090005
1.0 0.0 0.0 16.723580268672926 0.0 1.0 0.0 -5.710713509876316 0.0 0.0 1.0 1.733014843339554
1.0 0.0 0.0 16.724644882699792 0.0 1.0 0.0 -5.697798602687608 0.0 0.0 1.0 1.74493682261191
1.0 0.0 0.0 16.72220561974602 0.0 1.0 0.0 -5.669804532252693 0.0 0.0 1.0 1.766786777201385
1.0 0.0 0.0 16.72279637051821 0.0 1.0 0.0 -5.654991237112772 0.0 0.0 1.0 1.779132315721937
1.0 0.0 0.0 16.72355242192279 0.0 1.0 0.0 -5.639485799399757 0.0 0.0 1.0 1.794151585784046
1.0 0.0 0.0 16.725952669032516 0.0 1.0 0.0 -5.591812930462423 0.0 0.0 1.0 1.843763086654164
1.0 0.0 0.0 16.72543418422918 0.0 1.0 0.0 -5.536372150935751 0.0 0.0 1.0 1.891174787620246
1.0 0.0 0.0 16.72418334783553 0.0 1.0 0.0 -5.496999930429063 0.0 0.0 1.0 1.91382394788864
1.0 0.0 0.0 16.72521163754711 0.0 1.0 0.0 -5.477128094333296 0.0 0.0 1.0 1.92291928410848
1.0 0.0 0.0 16.71521364194045 0.0 1.0 0.0 -5.392620315347951 0.0 0.0 1.0 1.947982749426305
1.0 0.0 0.0 16.70825419731074 0.0 1.0 0.0 -5.348495831846529 0.0 0.0 1.0 1.952620512151019
1.0 0.0 0.0 16.69248657083024 0.0 1.0 0.0 -5.322231499018269 0.0 0.0 1.0 1.952801959831391
1.0 0.0 0.0 16.678470412066464 0.0 1.0 0.0 -5.277279578776041 0.0 0.0 1.0 1.951144650352627
1.0 0.0 0.0 16.66848930528982 0.0 1.0 0.0 -5.255829590793063 0.0 0.0 1.0 1.950088708765893
1.0 0.0 0.0 16.623832285156638 0.0 1.0 0.0 -5.204275807725622 0.0 0.0 1.0 1.951506139144716
1.0 0.0 0.0 16.59290680131759 0.0 1.0 0.0 -5.158168777306653 0.0 0.0 1.0 1.960590137729643
1.0 0.0 0.0 16.53470594652882 0.0 1.0 0.0 -5.104517847243826 0.0 0.0 1.0 1.977005644464897
1.0 0.0 0.0 16.494143254420052 0.0 1.0 0.0 -5.057520013063075 0.0 0.0 1.0 1.997172117287608
1.0 0.0 0.0 16.451582882184173 0.0 1.0 0.0 -5.010274845951159 0.0 0.0 1.0 2.013724215302309
1.0 0.0 0.0 16.40671275042459 0.0 1.0 0.0 -4.978491846776111 0.0 0.0 1.0 2.018728681087865
1.0 0.0 0.0 16.362730000006856 0.0 1.0 0.0 -4.929697594766358 0.0 0.0 1.0 2.025150209945313
1.0 0.0 0.0 16.318945074987916 0.0 1.0 0.0 -4.880629989449037 0.0 0.0 1.0 2.025680033603533
1.0 0.0 0.0 16.182746823779055 0.0 1.0 0.0 -4.750027764030868 0.0 0.0 1.0 2.012932899519305
1.0 0.0 0.0 16.09097419180108 0.0 1.0 0.0 -4.667257695880934 0.0 0.0 1.0 2.020415316369042
1.0 0.0 0.0 16.000696478524684 0.0 1.0 0.0 -4.583873170704408 0.0 0.0 1.0 2.045037283760801
1.0 0.0 0.0 15.959481919331678 0.0 1.0 0.0 -4.531848599721602 0.0 0.0 1.0 2.071030715610881
1.0 0.0 0.0 15.940396800041329 0.0 1.0 0.0 -4.505416323979946 0.0 0.0 1.0 2.086828247150621
1.0 0.0 0.0 15.877244872312964 0.0 1.0 0.0 -4.445031819230904 0.0 0.0 1.0 2.116839337637247
1.0 0.0 0.0 15.802921610222343 0.0 1.0 0.0 -4.35990601676341 0.0 0.0 1.0 2.151418187975048
1.0 0.0 0.0 15.768101239129468 0.0 1.0 0.0 -4.306451583051923 0.0 0.0 1.0 2.168520706712999
1.0 0.0 0.0 15.734038926836007 0.0 1.0 0.0 -4.250350642606035 0.0 0.0 1.0 2.181485804669166
1.0 0.0 0.0 15.659357383342536 0.0 1.0 0.0 -4.160099972347249 0.0 0.0 1.0 2.191117401526641
1.0 0.0 0.0 15.561808032312648 0.0 1.0 0.0 -4.039948357964725 0.0 0.0 1.0 2.185395362818829
1.0 0.0 0.0 15.543628881428319 0.0 1.0 0.0 -4.011118106851475 0.0 0.0 1.0 2.180702382069539
1.0 0.0 0.0 15.354590119709863 0.0 1.0 0.0 -3.788467801622262 0.0 0.0 1.0 2.121401119542307
1.0 0.0 0.0 15.278936072210147 0.0 1.0 0.0 -3.720320107523841 0.0 0.0 1.0 2.112014809302367
1.0 0.0 0.0 15.205633327135024 0.0 1.0 0.0 -3.627147072373547 0.0 0.0 1.0 2.112569164955488
1.0 0.0 0.0 15.131300030611738 0.0 1.0 0.0 -3.558540294576974 0.0 0.0 1.0 2.114491578974526
1.0 0.0 0.0 15.061473728592611 0.0 1.0 0.0 -3.466454749389026 0.0 0.0 1.0 2.109615195698154
1.0 0.0 0.0 14.961526458660547 0.0 1.0 0.0 -3.367609076834131 0.0 0.0 1.0 2.091682725458389
1.0 0.0 0.0 14.913326611597691 0.0 1.0 0.0 -3.306323647143701 0.0 0.0 1.0 2.0748086031973
1.0 0.0 0.0 14.83859670648415 0.0 1.0 0.0 -3.239958242192429 0.0 0.0 1.0 2.052763863493154
1.0 0.0 0.0 14.791145857072515 0.0 1.0 0.0 -3.179500922374986 0.0 0.0 1.0 2.028583330793625
1.0 0.0 0.0 14.66095631803311 0.0 1.0 0.0 -3.049022074770369 0.0 0.0 1.0 1.97707827066302
1.0 0.0 0.0 14.533862522152258 0.0 1.0 0.0 -2.914971773690384 0.0 0.0 1.0 1.953889307194273
1.0 0.0 0.0 14.508953512371745 0.0 1.0 0.0 -2.881292187987487 0.0 0.0 1.0 1.954021577137981
1.0 0.0 0.0 14.428845014395598 0.0 1.0 0.0 -2.81092448052846 0.0 0.0 1.0 1.958500683194575
1.0 0.0 0.0 14.250530502214515 0.0 1.0 0.0 -2.63666661965407 0.0 0.0 1.0 1.976913081082158
1.0 0.0 0.0 14.198563363802425 0.0 1.0 0.0 -2.570902441770543 0.0 0.0 1.0 1.974611226450858
1.0 0.0 0.0 14.083198642323113 0.0 1.0 0.0 -2.468390758001768 0.0 0.0 1.0 1.958818617184578
1.0 0.0 0.0 13.99681157128002 0.0 1.0 0.0 -2.373274408783921 0.0 0.0 1.0 1.934617559426392
1.0 0.0 0.0 13.907447342175379 0.0 1.0 0.0 -2.304393872060014 0.0 0.0 1.0 1.917204460655914
1.0 0.0 0.0 13.851021669439092 0.0 1.0 0.0 -2.242102511775997 0.0 0.0 1.0 1.907759054401052
1.0 0.0 0.0 13.822654230909393 0.0 1.0 0.0 -2.210932662514602 0.0 0.0 1.0 1.905858637995276
1.0 0.0 0.0 13.674672545693149 0.0 1.0 0.0 -2.087157280964295 0.0 0.0 1.0 1.914246400939503
1.0 0.0 0.0 13.51310595755621 0.0 1.0 0.0 -1.961263714966633 0.0 0.0 1.0 1.922816319807747
1.0 0.0 0.0 13.420383523956849 0.0 1.0 0.0 -1.875887542710944 0.0 0.0 1.0 1.915890274482595
1.0 0.0 0.0 13.268696927016412 0.0 1.0 0.0 -1.757007083169974 0.0 0.0 1.0 1.891087567506671
1.0 0.0 0.0 13.145557724316193 0.0 1.0 0.0 -1.67014795354611 0.0 0.0 1.0 1.86414057779185
1.0 0.0 0.0 13.053520363533266 0.0 1.0 0.0 -1.611870785958778 0.0 0.0 1.0 1.846699818367596
1.0 0.0 0.0 12.993827744245232 0.0 1.0 0.0 -1.557979033367567 0.0 0.0 1.0 1.836821247440523
1.0 0.0 0.0 12.87676199797433 0.0 1.0 0.0 -1.474546364968401 0.0 0.0 1.0 1.834475201830264
1.0 0.0 0.0 12.850423367667279 0.0 1.0 0.0 -1.448697200172738 0.0 0.0 1.0 1.837499721856709
1.0 0.0 0.0 12.636009420026781 0.0 1.0 0.0 -1.290202113604823 0.0 0.0 1.0 1.874491947521272
1.0 0.0 0.0 12.54707394389247 0.0 1.0 0.0 -1.190672536299475 0.0 0.0 1.0 1.881833726176853
1.0 0.0 0.0 12.47300009584887 0.0 1.0 0.0 -1.114281228890321 0.0 0.0 1.0 1.872900930721562
1.0 0.0 0.0 12.459351556233889 0.0 1.0 0.0 -1.088753211323614 0.0 0.0 1.0 1.867332766276956
1.0 0.0 0.0 12.395379974024578 0.0 1.0 0.0 -0.940493582119729 0.0 0.0 1.0 1.823749405273194
1.0 0.0 0.0 12.391735062538952 0.0 1.0 0.0 -0.869787832590885 0.0 0.0 1.0 1.815282054034626
1.0 0.0 0.0 12.408159671307262 0.0 1.0 0.0 -0.800296951647601 0.0 0.0 1.0 1.826352475756989
1.0 0.0 0.0 12.53723372645019 0.0 1.0 0.0 -0.589068023854629 0.0 0.0 1.0 2.052615187635489
1.0 0.0 0.0 12.550786728986203 0.0 1.0 0.0 -0.576503716047607 0.0 0.0 1.0 2.076176495587269
1.0 0.0 0.0 12.577314085236848 0.0 1.0 0.0 -0.564399665504103 0.0 0.0 1.0 2.099259674094549
1.0 0.0 0.0 12.62416438539848 0.0 1.0 0.0 -0.530055498184837 0.0 0.0 1.0 2.15446449606059
1.0 0.0 0.0 12.640847396699806 0.0 1.0 0.0 -0.518331184192608 0.0 0.0 1.0 2.170512832277836
1.0 0.0 0.0 12.716649561702116 0.0 1.0 0.0 -0.485266709384976 0.0 0.0 1.0 2.219462113231465
1.0 0.0 0.0 12.737019253641993 0.0 1.0 0.0 -0.47319830440679 0.0 0.0 1.0 2.239254227405546
1.0 0.0 0.0 12.757318977413536 0.0 1.0 0.0 -0.461685069522403 0.0 0.0 1.0 2.259211209072459
1.0 0.0 0.0 12.822595349294398 0.0 1.0 0.0 -0.439121560228917 0.0 0.0 1.0 2.303175179113959
1.0 0.0 0.0 12.866956035849846 0.0 1.0 0.0 -0.414033217792714 0.0 0.0 1.0 2.343620838401681
1.0 0.0 0.0 12.888260625908343 0.0 1.0 0.0 -0.40070699992208 0.0 0.0 1.0 2.361389803379157
1.0 0.0 0.0 13.013053935252413 0.0 1.0 0.0 -0.329860672440281 0.0 0.0 1.0 2.42741560422381
1.0 0.0 0.0 13.046590003962065 0.0 1.0 0.0 -0.315564319544669 0.0 0.0 1.0 2.440196245133899
1.0 0.0 0.0 13.091585256620267 0.0 1.0 0.0 -0.271587749206369 0.0 0.0 1.0 2.482768428660429
1.0 0.0 0.0 13.128408926803735 0.0 1.0 0.0 -0.243055044402603 0.0 0.0 1.0 2.520180193127989
1.0 0.0 0.0 13.184263199765338 0.0 1.0 0.0 -0.164569809979713 0.0 0.0 1.0 2.625396232412574
1.0 0.0 0.0 13.198155635697908 0.0 1.0 0.0 -0.124978078151424 0.0 0.0 1.0 2.689407982460939
1.0 0.0 0.0 13.2000813797105 0.0 1.0 0.0 -0.100754016072445 0.0 0.0 1.0 2.73627923016078
1.0 0.0 0.0 13.197812409502902 0.0 1.0 0.0 -0.064018413928416 0.0 0.0 1.0 2.80400017786789
1.0 0.0 0.0 13.177882313058666 0.0 1.0 0.0 -0.00677421756835 0.0 0.0 1.0 2.882745199572912
1.0 0.0 0.0 13.163932864073727 0.0 1.0 0.0 0.013136641172837 0.0 0.0 1.0 2.900516428692199
1.0 0.0 0.0 13.158186525427295 0.0 1.0 0.0 0.022531128088957 0.0 0.0 1.0 2.907127645689889
1.0 0.0 0.0 13.139810647329542 0.0 1.0 0.0 0.050254843593631 0.0 0.0 1.0 2.918306573250293
1.0 0.0 0.0 13.1276723295828 0.0 1.0 0.0 0.058868017451056 0.0 0.0 1.0 2.918607779767489
1.0 0.0 0.0 13.091790718449529 0.0 1.0 0.0 0.090597455415864 0.0 0.0 1.0 2.913889792689352
1.0 0.0 0.0 13.08457575904279 0.0 1.0 0.0 0.098307275151581 0.0 0.0 1.0 2.9149845513899
1.0 0.0 0.0 13.059078301823412 0.0 1.0 0.0 0.121350600344541 0.0 0.0 1.0 2.925674156684869
1.0 0.0 0.0 13.042763931621268 0.0 1.0 0.0 0.128514131447214 0.0 0.0 1.0 2.927043264826554
1.0 0.0 0.0 13.016003700986602 0.0 1.0 0.0 0.153346095145752 0.0 0.0 1.0 2.911658700326954
1.0 0.0 0.0 12.919523095216288 0.0 1.0 0.0 0.227052108592844 0.0 0.0 1.0 2.863212291982909
1.0 0.0 0.0 12.886721497983798 0.0 1.0 0.0 0.265797020209619 0.0 0.0 1.0 2.862052727922486
1.0 0.0 0.0 12.85157105423116 0.0 1.0 0.0 0.315776123738215 0.0 0.0 1.0 2.869844105103276
1.0 0.0 0.0 9.684285180093877 0.0 1.0 0.0 4.238444080523994 0.0 0.0 1.0 3.008070853830812
1.0 0.0 0.0 9.307493269863734 0.0 1.0 0.0 4.632655858028139 0.0 0.0 1.0 2.992096275800072
1.0 0.0 0.0 9.217865114040567 0.0 1.0 0.0 4.735879210089834 0.0 0.0 1.0 2.992502649571774
1.0 0.0 0.0 8.943508951178812 0.0 1.0 0.0 5.040117726037375 0.0 0.0 1.0 3.001892496341002
1.0 0.0 0.0 8.83318706484991 0.0 1.0 0.0 5.120653054488292 0.0 0.0 1.0 3.003422839245984
1.0 0.0 0.0 8.562947972417842 0.0 1.0 0.0 5.411545876231161 0.0 0.0 1.0 3.027987082916601
1.0 0.0 0.0 8.362554166204232 0.0 1.0 0.0 5.597925840458573 0.0 0.0 1.0 3.045235307134985
1.0 0.0 0.0 8.0921944054433 0.0 1.0 0.0 5.883147164564798 0.0 0.0 1.0 3.063614055002156
1.0 0.0 0.0 7.902815663861916 0.0 1.0 0.0 6.063550574430199 0.0 0.0 1.0 3.065172846049017
1.0 0.0 0.0 7.629236891062458 0.0 1.0 0.0 6.342692208519 0.0 0.0 1.0 3.059116178822054
1.0 0.0 0.0 5.647655337588057 0.0 1.0 0.0 9.902167146896227 0.0 0.0 1.0 3.156306329568499
1.0 0.0 0.0 5.613987910448166 0.0 1.0 0.0 9.968012533582284 0.0 0.0 1.0 3.161447344323102
1.0 0.0 0.0 5.496320754282851 0.0 1.0 0.0 10.266147863108806 0.0 0.0 1.0 3.185377985568356
1.0 0.0 0.0 5.473599903842876 0.0 1.0 0.0 10.356338611919995 0.0 0.0 1.0 3.197637669399572
1.0 0.0 0.0 5.397763504938571 0.0 1.0 0.0 10.466712369656047 0.0 0.0 1.0 3.217861541461108
1.0 0.0 0.0 4.711938261865684 0.0 1.0 0.0 10.736090270585867 0.0 0.0 1.0 3.554403296245007
1.0 0.0 0.0 4.672870657074328 0.0 1.0 0.0 10.711242824965437 0.0 0.0 1.0 3.547727396798678
1.0 0.0 0.0 4.527715488223277 0.0 1.0 0.0 10.551651901203922 0.0 0.0 1.0 3.489934584484154
1.0 0.0 0.0 4.478800171536269 0.0 1.0 0.0 10.495393248091412 0.0 0.0 1.0 3.477771374125497
1.0 0.0 0.0 4.428086634488011 0.0 1.0 0.0 10.433709833688274 0.0 0.0 1.0 3.474758789591647
1.0 0.0 0.0 4.186815134610254 0.0 1.0 0.0 10.095069882790286 0.0 0.0 1.0 3.49922175453761
1.0 0.0 0.0 4.058274727612393 0.0 1.0 0.0 9.895384282172476 0.0 0.0 1.0 3.497667486584995
1.0 0.0 0.0 3.988068566438987 0.0 1.0 0.0 9.778193371949309 0.0 0.0 1.0 3.501540459438584
1.0 0.0 0.0 3.895064079538685 0.0 1.0 0.0 9.62915918263755 0.0 0.0 1.0 3.5225743293676
1.0 0.0 0.0 3.791261042502371 0.0 1.0 0.0 9.492425167590007 0.0 0.0 1.0 3.565818684953722
1.0 0.0 0.0 3.69591934762936 0.0 1.0 0.0 9.36352731230806 0.0 0.0 1.0 3.575077842816208
1.0 0.0 0.0 3.667293528871571 0.0 1.0 0.0 9.335470664613531 0.0 0.0 1.0 3.579206842977897
1.0 0.0 0.0 3.637409211251943 0.0 1.0 0.0 9.30609595142049 0.0 0.0 1.0 3.581430408899804
1.0 0.0 0.0 3.560249389653828 0.0 1.0 0.0 9.216079547774951 0.0 0.0 1.0 3.57887865018881
1.0 0.0 0.0 3.43341180534818 0.0 1.0 0.0 9.094159086905835 0.0 0.0 1.0 3.591681221818028
1.0 0.0 0.0 3.29110059745486 0.0 1.0 0.0 8.96899777008609 0.0 0.0 1.0 3.615607536832959
1.0 0.0 0.0 3.085074207375558 0.0 1.0 0.0 8.850387293307802 0.0 0.0 1.0 3.650384556547464
1.0 0.0 0.0 3.028192593311701 0.0 1.0 0.0 8.822163260533099 0.0 0.0 1.0 3.655348006423297
1.0 0.0 0.0 2.836559093426221 0.0 1.0 0.0 8.696216434477396 0.0 0.0 1.0 3.648994666822309
1.0 0.0 0.0 2.697073448454325 0.0 1.0 0.0 8.601148853127054 0.0 0.0 1.0 3.63371436064726
1.0 0.0 0.0 2.498240480547624 0.0 1.0 0.0 8.528837568407607 0.0 0.0 1.0 3.614098488034856
1.0 0.0 0.0 2.287306674460039 0.0 1.0 0.0 8.438095183765322 0.0 0.0 1.0 3.573736518263747
1.0 0.0 0.0 2.072392773535956 0.0 1.0 0.0 8.365510953936626 0.0 0.0 1.0 3.534145736565616
1.0 0.0 0.0 1.724092651301418 0.0 1.0 0.0 8.312096888471855 0.0 0.0 1.0 3.507614599445327
1.0 0.0 0.0 1.518322070607843 0.0 1.0 0.0 8.30758302954052 0.0 0.0 1.0 3.493063988793299
1.0 0.0 0.0 1.127943692722302 0.0 1.0 0.0 8.300960606681778 0.0 0.0 1.0 3.418801913378935
1.0 0.0 0.0 1.006058752894344 0.0 1.0 0.0 8.299623399239865 0.0 0.0 1.0 3.384715737101325
1.0 0.0 0.0 0.832490788142664 0.0 1.0 0.0 8.306047843363727 0.0 0.0 1.0 3.326662713260864
1.0 0.0 0.0 0.669843526749249 0.0 1.0 0.0 8.319079139992231 0.0 0.0 1.0 3.258183260141696
1.0 0.0 0.0 0.61678890231797 0.0 1.0 0.0 8.32455933641405 0.0 0.0 1.0 3.232062899278277
1.0 0.0 0.0 0.516948611260569 0.0 1.0 0.0 8.331220047705312 0.0 0.0 1.0 3.177754716399964
1.0 0.0 0.0 0.422021534870907 0.0 1.0 0.0 8.34001858031841 0.0 0.0 1.0 3.118996125427842
1.0 0.0 0.0 0.373278691770838 0.0 1.0 0.0 8.344394855657624 0.0 0.0 1.0 3.087093017031136
1.0 0.0 0.0 0.284190834802242 0.0 1.0 0.0 8.348020782279875 0.0 0.0 1.0 3.020855541809762
1.0 0.0 0.0 0.196845561644168 0.0 1.0 0.0 8.353714676477543 0.0 0.0 1.0 2.951611800399471
1.0 0.0 0.0 0.078551571740871 0.0 1.0 0.0 8.34831567261672 0.0 0.0 1.0 2.850335217054
1.0 0.0 0.0 0.039506622313671 0.0 1.0 0.0 8.34757616823567 0.0 0.0 1.0 2.818677589862251
1.0 0.0 0.0 -0.0347638497406 0.0 1.0 0.0 8.336501839636853 0.0 0.0 1.0 2.759514884916136
1.0 0.0 0.0 -0.136248962975034 0.0 1.0 0.0 8.319125116826534 0.0 0.0 1.0 2.684856152570205
1.0 0.0 0.0 -0.253604015807817 0.0 1.0 0.0 8.298763313951765 0.0 0.0 1.0 2.607541860817663
1.0 0.0 0.0 -0.329804183995723 0.0 1.0 0.0 8.27709279948377 0.0 0.0 1.0 2.543940531437857
1.0 0.0 0.0 -0.374807564622422 0.0 1.0 0.0 8.266217282205863 0.0 0.0 1.0 2.49386445161922
1.0 0.0 0.0 -0.413012727995778 0.0 1.0 0.0 8.247673758314642 0.0 0.0 1.0 2.438640973278367
1.0 0.0 0.0 -0.448268978892976 0.0 1.0 0.0 8.237453763964911 0.0 0.0 1.0 2.377523177702114
1.0 0.0 0.0 -0.493487275642677 0.0 1.0 0.0 8.212989381502194 0.0 0.0 1.0 2.285178856949446
1.0 0.0 0.0 -0.519280593267449 0.0 1.0 0.0 8.201287430389655 0.0 0.0 1.0 2.231252288795524
1.0 0.0 0.0 -0.54933978698292 0.0 1.0 0.0 8.173854585479203 0.0 0.0 1.0 2.164281675925259
1.0 0.0 0.0 -0.570850020586003 0.0 1.0 0.0 8.142768064866493 0.0 0.0 1.0 2.105514961184669
1.0 0.0 0.0 -0.580519293260441 0.0 1.0 0.0 8.127165923150287 0.0 0.0 1.0 2.061263123601818
1.0 0.0 0.0 -0.585147049775957 0.0 1.0 0.0 8.097968192536447 0.0 0.0 1.0 2.011545423804452
1.0 0.0 0.0 -0.58697369704818 0.0 1.0 0.0 8.076992307669935 0.0 0.0 1.0 1.957062129425453
1.0 0.0 0.0 -0.582847023484532 0.0 1.0 0.0 8.03528640146106 0.0 0.0 1.0 1.897143026903978
1.0 0.0 0.0 -0.57487176991905 0.0 1.0 0.0 8.006276774944867 0.0 0.0 1.0 1.842197825097998
1.0 0.0 0.0 -0.569576433655647 0.0 1.0 0.0 7.990660075821635 0.0 0.0 1.0 1.816391167781957
1.0 0.0 0.0 -0.55409684290459 0.0 1.0 0.0 7.936226035543609 0.0 0.0 1.0 1.771558577827103
1.0 0.0 0.0 -0.534761301314598 0.0 1.0 0.0 7.897690622349401 0.0 0.0 1.0 1.732173372239163
1.0 0.0 0.0 -0.50852215303121 0.0 1.0 0.0 7.832347365581677 0.0 0.0 1.0 1.691668203034763
1.0 0.0 0.0 -0.495056151868409 0.0 1.0 0.0 7.809648425108866 0.0 0.0 1.0 1.670362936516939
1.0 0.0 0.0 -0.463965014394832 0.0 1.0 0.0 7.765338634458041 0.0 0.0 1.0 1.624146828770843
1.0 0.0 0.0 -0.446801920396979 0.0 1.0 0.0 7.742638892574909 0.0 0.0 1.0 1.600970742713659
1.0 0.0 0.0 -0.351523929044247 0.0 1.0 0.0 7.587028950576429 0.0 0.0 1.0 1.51072701447906
1.0 0.0 0.0 -0.255125241578484 0.0 1.0 0.0 7.410652333860339 0.0 0.0 1.0 1.455884939297635
1.0 0.0 0.0 -0.216768341470121 0.0 1.0 0.0 7.31861885794092 0.0 0.0 1.0 1.428966011130471
1.0 0.0 0.0 -0.159948660002246 0.0 1.0 0.0 7.216380242084559 0.0 0.0 1.0 1.378690943146094
1.0 0.0 0.0 -0.10016234092513 0.0 1.0 0.0 7.080610930940682 0.0 0.0 1.0 1.338068195863309
1.0 0.0 0.0 -0.058410596234359 0.0 1.0 0.0 7.014573802822122 0.0 0.0 1.0 1.318295569238803
1.0 0.0 0.0 0.007714533570212 0.0 1.0 0.0 6.889210627750096 0.0 0.0 1.0 1.298240785963147
1.0 0.0 0.0 0.076158854579679 0.0 1.0 0.0 6.793824648235281 0.0 0.0 1.0 1.26928034829008
1.0 0.0 0.0 0.122484004360203 0.0 1.0 0.0 6.731089542883507 0.0 0.0 1.0 1.24144087546543
1.0 0.0 0.0 0.233351312928917 0.0 1.0 0.0 6.534189125391638 0.0 0.0 1.0 1.160451263109868
1.0 0.0 0.0 0.255851822182218 0.0 1.0 0.0 6.500508960856418 0.0 0.0 1.0 1.146025224985391
1.0 0.0 0.0 0.357222505683691 0.0 1.0 0.0 6.293806956975693 0.0 0.0 1.0 1.107187687416291
1.0 0.0 0.0 0.416938170461851 0.0 1.0 0.0 6.184445240448062 0.0 0.0 1.0 1.103348018199966
1.0 0.0 0.0 0.511829018039085 0.0 1.0 0.0 5.970170556303278 0.0 0.0 1.0 1.088840965152195
1.0 0.0 0.0 0.550740362826754 0.0 1.0 0.0 5.889880018298138 0.0 0.0 1.0 1.07029337014466
1.0 0.0 0.0 0.629849963552814 0.0 1.0 0.0 5.69495233384852 0.0 0.0 1.0 1.015111248925318
1.0 0.0 0.0 0.691776586335368 0.0 1.0 0.0 5.530246260677104 0.0 0.0 1.0 0.963000579456494
1.0 0.0 0.0 0.809317407363872 0.0 1.0 0.0 5.307905349167581 0.0 0.0 1.0 0.878038653415728
1.0 0.0 0.0 0.833880160344619 0.0 1.0 0.0 5.262912365556534 0.0 0.0 1.0 0.865963779507055
1.0 0.0 0.0 0.876960925831969 0.0 1.0 0.0 5.131834026686131 0.0 0.0 1.0 0.853985896953315
1.0 0.0 0.0 0.977831154666166 0.0 1.0 0.0 4.944208848450627 0.0 0.0 1.0 0.846622953098058
1.0 0.0 0.0 1.024716835954306 0.0 1.0 0.0 4.808711942841777 0.0 0.0 1.0 0.860084737285396
1.0 0.0 0.0 1.255753095537752 0.0 1.0 0.0 4.489424263293039 0.0 0.0 1.0 0.940931191343981
1.0 0.0 0.0 1.327176209658324 0.0 1.0 0.0 4.384039504731866 0.0 0.0 1.0 0.978227089608637
1.0 0.0 0.0 1.407279535914391 0.0 1.0 0.0 4.292348455461299 0.0 0.0 1.0 1.014738931324507
1.0 0.0 0.0 1.478563931507635 0.0 1.0 0.0 4.179317894279504 0.0 0.0 1.0 1.047922856170264
1.0 0.0 0.0 1.630925188216952 0.0 1.0 0.0 3.984086390080289 0.0 0.0 1.0 1.093364935950548
1.0 0.0 0.0 1.709922739653857 0.0 1.0 0.0 3.900051046675874 0.0 0.0 1.0 1.11120497934998
1.0 0.0 0.0 1.7883332884182 0.0 1.0 0.0 3.809587444434521 0.0 0.0 1.0 1.136291649399991
1.0 0.0 0.0 1.865133414861454 0.0 1.0 0.0 3.72147808726531 0.0 0.0 1.0 1.165281205440114
1.0 0.0 0.0 1.894236939401547 0.0 1.0 0.0 3.656233318070334 0.0 0.0 1.0 1.180797945208687
1.0 0.0 0.0 1.96905372801169 0.0 1.0 0.0 3.568066702682023 0.0 0.0 1.0 1.202892346792081
1.0 0.0 0.0 2.046461246917835 0.0 1.0 0.0 3.475342757807922 0.0 0.0 1.0 1.215444192195496
1.0 0.0 0.0 2.123628309351092 0.0 1.0 0.0 3.38584081563326 0.0 0.0 1.0 1.211114678862384
1.0 0.0 0.0 2.207829036206907 0.0 1.0 0.0 3.204084301595239 0.0 0.0 1.0 1.181197715671448
1.0 0.0 0.0 2.409542946868931 0.0 1.0 0.0 2.98712184883114 0.0 0.0 1.0 1.094839252055071
1.0 0.0 0.0 2.444399501587334 0.0 1.0 0.0 2.940554066062216 0.0 0.0 1.0 1.077476583830846
1.0 0.0 0.0 2.523805339007506 0.0 1.0 0.0 2.844971566972249 0.0 0.0 1.0 1.037222510652339
1.0 0.0 0.0 2.606148982731204 0.0 1.0 0.0 2.75031280334968 0.0 0.0 1.0 0.997499766680706
1.0 0.0 0.0 2.649702493341196 0.0 1.0 0.0 2.702200449129343 0.0 0.0 1.0 0.979765165213374
1.0 0.0 0.0 2.742171478466625 0.0 1.0 0.0 2.609885390326664 0.0 0.0 1.0 0.951661135083333
1.0 0.0 0.0 2.981112951398673 0.0 1.0 0.0 2.393106851643009 0.0 0.0 1.0 0.922910392364987
1.0 0.0 0.0 3.465952482118647 0.0 1.0 0.0 2.092198503940834 0.0 0.0 1.0 0.992627649147963
1.0 0.0 0.0 3.753484773560578 0.0 1.0 0.0 1.979168981526585 0.0 0.0 1.0 1.089359097945822
1.0 0.0 0.0 3.857947427672221 0.0 1.0 0.0 1.934751273461902 0.0 0.0 1.0 1.12524213705249
1.0 0.0 0.0 3.946487991459684 0.0 1.0 0.0 1.93450506202777 0.0 0.0 1.0 1.136280069248898
1.0 0.0 0.0 4.108149599992825 0.0 1.0 0.0 1.890466716862247 0.0 0.0 1.0 1.171800686894855
1.0 0.0 0.0 4.212389866856197 0.0 1.0 0.0 1.862673372109422 0.0 0.0 1.0 1.191741714443847
1.0 0.0 0.0 4.310999395257102 0.0 1.0 0.0 1.870749375626728 0.0 0.0 1.0 1.197269856997784
1.0 0.0 0.0 4.473243648583602 0.0 1.0 0.0 1.845572867183016 0.0 0.0 1.0 1.219289366980644
1.0 0.0 0.0 4.583344749057315 0.0 1.0 0.0 1.834845478578794 0.0 0.0 1.0 1.233720639767887
1.0 0.0 0.0 4.68835451323154 0.0 1.0 0.0 1.828132126228065 0.0 0.0 1.0 1.254598173354513
1.0 0.0 0.0 4.786705207667822 0.0 1.0 0.0 1.844470110805176 0.0 0.0 1.0 1.265137291992552
1.0 0.0 0.0 4.891661889009786 0.0 1.0 0.0 1.844955114988282 0.0 0.0 1.0 1.292153485308503
1.0 0.0 0.0 5.047111313419699 0.0 1.0 0.0 1.852054506172645 0.0 0.0 1.0 1.321521754118212
1.0 0.0 0.0 5.09812003123884 0.0 1.0 0.0 1.855875514513099 0.0 0.0 1.0 1.327504927237937
1.0 0.0 0.0 5.196741532615138 0.0 1.0 0.0 1.877643763444319 0.0 0.0 1.0 1.330207419905233
1.0 0.0 0.0 5.385792879853557 0.0 1.0 0.0 1.897992701435344 0.0 0.0 1.0 1.323873698046968
1.0 0.0 0.0 5.583918230614495 0.0 1.0 0.0 1.928878813321391 0.0 0.0 1.0 1.297310303701609
1.0 0.0 0.0 5.840963278539734 0.0 1.0 0.0 1.963051682910708 0.0 0.0 1.0 1.248093891836621
1.0 0.0 0.0 5.882088771027956 0.0 1.0 0.0 1.964941691751579 0.0 0.0 1.0 1.237522561578159
1.0 0.0 0.0 6.046077325157701 0.0 1.0 0.0 1.973945940551223 0.0 0.0 1.0 1.201240252099135
1.0 0.0 0.0 6.177126790871935 0.0 1.0 0.0 1.961973583308176 0.0 0.0 1.0 1.179027821910815
1.0 0.0 0.0 6.258559222306027 0.0 1.0 0.0 1.945948813265151 0.0 0.0 1.0 1.174830478617437
1.0 0.0 0.0 6.329857508142033 0.0 1.0 0.0 1.945701828216763 0.0 0.0 1.0 1.174037735436467
1.0 0.0 0.0 6.4470374702535 0.0 1.0 0.0 1.909099649291794 0.0 0.0 1.0 1.184314140316101
1.0 0.0 0.0 6.519298198124773 0.0 1.0 0.0 1.880244334063339 0.0 0.0 1.0 1.188591778952384
1.0 0.0 0.0 6.584896476779634 0.0 1.0 0.0 1.87271012146967 0.0 0.0 1.0 1.186931524174541
1.0 0.0 0.0 6.697570391595885 0.0 1.0 0.0 1.824708980314937 0.0 0.0 1.0 1.177598978195205
1.0 0.0 0.0 6.80834419210272 0.0 1.0 0.0 1.775154971263065 0.0 0.0 1.0 1.159986280037993
1.0 0.0 0.0 6.843643396543008 0.0 1.0 0.0 1.757169759512244 0.0 0.0 1.0 1.152452646225256
1.0 0.0 0.0 6.906870622968555 0.0 1.0 0.0 1.74649389081477 0.0 0.0 1.0 1.143589307764228
1.0 0.0 0.0 7.044398537486407 0.0 1.0 0.0 1.674590992892432 0.0 0.0 1.0 1.129603309548878
1.0 0.0 0.0 7.108995811310185 0.0 1.0 0.0 1.640464865008736 0.0 0.0 1.0 1.130398809448394
1.0 0.0 0.0 7.228381346228348 0.0 1.0 0.0 1.596448720834275 0.0 0.0 1.0 1.12293500764842
1.0 0.0 0.0 7.257504327617277 0.0 1.0 0.0 1.579346192144514 0.0 0.0 1.0 1.118087157726713
1.0 0.0 0.0 7.314777954481134 0.0 1.0 0.0 1.547766505135716 0.0 0.0 1.0 1.104742815703408
1.0 0.0 0.0 7.341118582648632 0.0 1.0 0.0 1.532389732796844 0.0 0.0 1.0 1.096901810960671
1.0 0.0 0.0 7.4320219887704 0.0 1.0 0.0 1.489078940233527 0.0 0.0 1.0 1.065457701240465
1.0 0.0 0.0 7.452860209521002 0.0 1.0 0.0 1.473271945513149 0.0 0.0 1.0 1.05376733269615
1.0 0.0 0.0 7.492195119567191 0.0 1.0 0.0 1.441393400859971 0.0 0.0 1.0 1.027951392275849
1.0 0.0 0.0 7.541577919896603 0.0 1.0 0.0 1.413297611774623 0.0 0.0 1.0 0.999367455804426
1.0 0.0 0.0 7.600821303775213 0.0 1.0 0.0 1.327338835028371 0.0 0.0 1.0 0.939529485100127
1.0 0.0 0.0 7.628534042885168 0.0 1.0 0.0 1.254593653789741 0.0 0.0 1.0 0.92753212490881
1.0 0.0 0.0 7.632182966750961 0.0 1.0 0.0 1.215402154213139 0.0 0.0 1.0 0.932256626719991
1.0 0.0 0.0 7.622107457237552 0.0 1.0 0.0 1.17469901166247 0.0 0.0 1.0 0.943110295473092
1.0 0.0 0.0 7.609159955184602 0.0 1.0 0.0 1.134140587129204 0.0 0.0 1.0 0.959550586713258
1.0 0.0 0.0 7.589538120373527 0.0 1.0 0.0 1.090763790905752 0.0 0.0 1.0 0.979338661543502
1.0 0.0 0.0 7.57796032439237 0.0 1.0 0.0 1.069379310887582 0.0 0.0 1.0 0.987598514818865
1.0 0.0 0.0 7.564355556008978 0.0 1.0 0.0 1.047011531318022 0.0 0.0 1.0 0.994626606227245
1.0 0.0 0.0 7.508078236652374 0.0 1.0 0.0 0.997134128247396 0.0 0.0 1.0 1.004768540702404
1.0 0.0 0.0 7.470106258644963 0.0 1.0 0.0 0.948822173365234 0.0 0.0 1.0 1.008052560968304
1.0 0.0 0.0 7.428613212762619 0.0 1.0 0.0 0.900216134590865 0.0 0.0 1.0 1.007109125106753
1.0 0.0 0.0 7.360950337289639 0.0 1.0 0.0 0.848170592152391 0.0 0.0 1.0 1.004944290164379
1.0 0.0 0.0 7.29648857237304 0.0 1.0 0.0 0.790821295487685 0.0 0.0 1.0 1.000855842083784
1.0 0.0 0.0 7.217761335872571 0.0 1.0 0.0 0.708832216576784 0.0 0.0 1.0 1.007710492213196
1.0 0.0 0.0 7.16368178844569 0.0 1.0 0.0 0.651819952161505 0.0 0.0 1.0 1.021507306825109
1.0 0.0 0.0 7.137666529911809 0.0 1.0 0.0 0.62325702418388 0.0 0.0 1.0 1.03081641398687
1.0 0.0 0.0 7.077589911088054 0.0 1.0 0.0 0.593710905017934 0.0 0.0 1.0 1.042449190903933
1.0 0.0 0.0 6.990053569981352 0.0 1.0 0.0 0.509241484168147 0.0 0.0 1.0 1.063310758567743
1.0 0.0 0.0 6.931145532202419 0.0 1.0 0.0 0.450920463627325 0.0 0.0 1.0 1.068801231660778
1.0 0.0 0.0 6.900908745111585 0.0 1.0 0.0 0.42214979555659 0.0 0.0 1.0 1.069975844365149
1.0 0.0 0.0 6.756225187443327 0.0 1.0 0.0 0.307316511126647 0.0 0.0 1.0 1.065282364596042
1.0 0.0 0.0 6.641951083172771 0.0 1.0 0.0 0.242343025525804 0.0 0.0 1.0 1.056271492174947
1.0 0.0 0.0 6.60565356447949 0.0 1.0 0.0 0.179979660372269 0.0 0.0 1.0 1.03899510499726
1.0 0.0 0.0 6.529858290447464 0.0 1.0 0.0 0.115730896718184 0.0 0.0 1.0 1.024576886249223
1.0 0.0 0.0 6.455926778529594 0.0 1.0 0.0 0.049937749208026 0.0 0.0 1.0 1.01696409130768
1.0 0.0 0.0 6.385938268496867 0.0 1.0 0.0 -0.015364519867145 0.0 0.0 1.0 1.017431499206966
1.0 0.0 0.0 6.318935739265689 0.0 1.0 0.0 -0.051355938718748 0.0 0.0 1.0 1.022451915511312
1.0 0.0 0.0 6.209401811388205 0.0 1.0 0.0 -0.15396809275313 0.0 0.0 1.0 1.028741407790954
1.0 0.0 0.0 6.138960607823986 0.0 1.0 0.0 -0.222871216537106 0.0 0.0 1.0 1.027345456829798
1.0 0.0 0.0 5.994405750190968 0.0 1.0 0.0 -0.325709567669542 0.0 0.0 1.0 1.023108437169283
1.0 0.0 0.0 5.851747986888939 0.0 1.0 0.0 -0.468199332246371 0.0 0.0 1.0 1.030930570279856
1.0 0.0 0.0 5.715201868840413 0.0 1.0 0.0 -0.574948365867174 0.0 0.0 1.0 1.056336095363696
1.0 0.0 0.0 5.614640338485339 0.0 1.0 0.0 -0.685548707807302 0.0 0.0 1.0 1.076683012429581
1.0 0.0 0.0 5.457927657354068 0.0 1.0 0.0 -0.830680455803783 0.0 0.0 1.0 1.087676863981764
1.0 0.0 0.0 5.368557245726849 0.0 1.0 0.0 -0.939158541928351 0.0 0.0 1.0 1.081168691032123
1.0 0.0 0.0 5.310547372066369 0.0 1.0 0.0 -1.007091168479993 0.0 0.0 1.0 1.071503809555253
1.0 0.0 0.0 5.155446845393222 0.0 1.0 0.0 -1.175257141518824 0.0 0.0 1.0 1.034568614766342
1.0 0.0 0.0 5.013260364889617 0.0 1.0 0.0 -1.322496261614448 0.0 0.0 1.0 1.006977553680312
1.0 0.0 0.0 4.946245297114798 0.0 1.0 0.0 -1.403631315572237 0.0 0.0 1.0 1.006778903874801
1.0 0.0 0.0 4.874971858668638 0.0 1.0 0.0 -1.471912798401166 0.0 0.0 1.0 1.006924273345314
1.0 0.0 0.0 4.822629995364376 0.0 1.0 0.0 -1.539145022936256 0.0 0.0 1.0 0.997630190788139
1.0 0.0 0.0 4.791304058720416 0.0 1.0 0.0 -1.57734737834453 0.0 0.0 1.0 0.98832847828227
1.0 0.0 0.0 4.732899116166271 0.0 1.0 0.0 -1.644652812838213 0.0 0.0 1.0 0.963512545515464
1.0 0.0 0.0 4.698787541089579 0.0 1.0 0.0 -1.685777635618422 0.0 0.0 1.0 0.941800415785666
1.0 0.0 0.0 4.645232380935775 0.0 1.0 0.0 -1.73914675835283 0.0 0.0 1.0 0.901085658784854
1.0 0.0 0.0 4.60622462653003 0.0 1.0 0.0 -1.767354798630295 0.0 0.0 1.0 0.874404825393788
1.0 0.0 0.0 4.577960997826141 0.0 1.0 0.0 -1.78020348383949 0.0 0.0 1.0 0.854441504008013
1.0 0.0 0.0 4.552765573043912 0.0 1.0 0.0 -1.779802950746364 0.0 0.0 1.0 0.843704723453352
1.0 0.0 0.0 4.532874013934424 0.0 1.0 0.0 -1.782124525153653 0.0 0.0 1.0 0.839866673735606
1.0 0.0 0.0 4.525893087573988 0.0 1.0 0.0 -1.782246188244334 0.0 0.0 1.0 0.836950550834104
1.0 0.0 0.0 4.509580549596731 0.0 1.0 0.0 -1.790777441126398 0.0 0.0 1.0 0.815705313413217
1.0 0.0 0.0 4.502262377686495 0.0 1.0 0.0 -1.795362670815885 0.0 0.0 1.0 0.808204799555964
1.0 0.0 0.0 4.49576814617801 0.0 1.0 0.0 -1.797048892821927 0.0 0.0 1.0 0.805722449072483
1.0 0.0 0.0 4.479006817576084 0.0 1.0 0.0 -1.801661993159772 0.0 0.0 1.0 0.800823964473731
1.0 0.0 0.0 4.465006028833325 0.0 1.0 0.0 -1.799255739119872 0.0 0.0 1.0 0.802618076451167
1.0 0.0 0.0 4.461797261186383 0.0 1.0 0.0 -1.793779105210434 0.0 0.0 1.0 0.802829757735375
1.0 0.0 0.0 4.4596256693664 0.0 1.0 0.0 -1.786752654331937 0.0 0.0 1.0 0.805729531575641
1.0 0.0 0.0 4.461978883288228 0.0 1.0 0.0 -1.782979963379064 0.0 0.0 1.0 0.804159546173751
1.0 0.0 0.0 4.465532977755458 0.0 1.0 0.0 -1.777926693702724 0.0 0.0 1.0 0.786335808298683
1.0 0.0 0.0 4.470234710943133 0.0 1.0 0.0 -1.77865040288133 0.0 0.0 1.0 0.763426654099759
1.0 0.0 0.0 4.471588072374505 0.0 1.0 0.0 -1.779062240952994 0.0 0.0 1.0 0.733569279951701
1.0 0.0 0.0 4.477006423380958 0.0 1.0 0.0 -1.772590691751667 0.0 0.0 1.0 0.693952349021357
1.0 0.0 0.0 4.51039222574967 0.0 1.0 0.0 -1.744439138401032 0.0 0.0 1.0 0.691195645993193
1.0 0.0 0.0 4.517638287733721 0.0 1.0 0.0 -1.739520267602053 0.0 0.0 1.0 0.690715781803573
1.0 0.0 0.0 4.517334250253337 0.0 1.0 0.0 -1.742384809281544 0.0 0.0 1.0 0.689116989769383
1.0 0.0 0.0 4.518366756911971 0.0 1.0 0.0 -1.742720922987892 0.0 0.0 1.0 0.689537268934153
1.0 0.0 0.0 4.518391446348864 0.0 1.0 0.0 -1.742378422498301 0.0 0.0 1.0 0.688938734567539
1.0 0.0 0.0 4.518404316435614 0.0 1.0 0.0 -1.742343334825021 0.0 0.0 1.0 0.688935056403777
1.0 0.0 0.0 4.518380235777228 0.0 1.0 0.0 -1.742378679752888 0.0 0.0 1.0 0.68887683585889
1.0 0.0 0.0 4.518431261534134 0.0 1.0 0.0 -1.742286785614038 0.0 0.0 1.0 0.688963689289865
