1.0 0.0 0.0 4.71946495414805 0.0 1.0 0.0 -1.828545837538646 0.0 0.0 1.0 0.681006118738699
1.0 0.0 0.0 4.719487555888153 0.0 1.0 0.0 -1.828530542439115 0.0 0.0 1.0 0.68110221897148
1.0 0.0 0.0 4.72064629412177 0.0 1.0 0.0 -1.828715713401529 0.0 0.0 1.0 0.681933304407534
1.0 0.0 0.0 4.722166197827385 0.0 1.0 0.0 -1.829319498033911 0.0 0.0 1.0 0.685795063712878
1.0 0.0 0.0 4.723450215543626 0.0 1.0 0.0 -1.829183302088308 0.0 0.0 1.0 0.699348917889436
1.0 0.0 0.0 4.723219059665016 0.0 1.0 0.0 -1.8248026548361 0.0 0.0 1.0 0.713728447201363
1.0 0.0 0.0 4.729124007247977 0.0 1.0 0.0 -1.819926909897538 0.0 0.0 1.0 0.751878900914636
1.0 0.0 0.0 4.732183315261157 0.0 1.0 0.0 -1.820006174791075 0.0 0.0 1.0 0.771678964804712
1.0 0.0 0.0 4.73100107721999 0.0 1.0 0.0 -1.818806331113952 0.0 0.0 1.0 0.857351825675133
1.0 0.0 0.0 4.728056820453879 0.0 1.0 0.0 -1.822265459596192 0.0 0.0 1.0 0.956326391492534
1.0 0.0 0.0 4.731978630133216 0.0 1.0 0.0 -1.830020098460626 0.0 0.0 1.0 1.064793917489138
1.0 0.0 0.0 4.733876110257391 0.0 1.0 0.0 -1.830357493372431 0.0 0.0 1.0 1.087437301603634
1.0 0.0 0.0 4.720301297126055 0.0 1.0 0.0 -1.802804000272065 0.0 0.0 1.0 0.757271707056817
1.0 0.0 0.0 4.721391773869457 0.0 1.0 0.0 -1.80189021596044 0.0 0.0 1.0 0.755111621477017
1.0 0.0 0.0 4.723119709270982 0.0 1.0 0.0 -1.802704100147131 0.0 0.0 1.0 1.155889041021553
1.0 0.0 0.0 4.700310765370794 0.0 1.0 0.0 -1.79418885563456 0.0 0.0 1.0 0.788622218975337
1.0 0.0 0.0 4.701733538535675 0.0 1.0 0.0 -1.794584707761589 0.0 0.0 1.0 0.784745101760517
1.0 0.0 0.0 4.705420079573032 0.0 1.0 0.0 -1.794769647155317 0.0 0.0 1.0 0.967604908128393
1.0 0.0 0.0 4.720960772389796 0.0 1.0 0.0 -1.796598553859062 0.0 0.0 1.0 1.18376162460269
1.0 0.0 0.0 4.70475010531473 0.0 1.0 0.0 -1.797528479026286 0.0 0.0 1.0 0.790670660067369
1.0 0.0 0.0 4.706466039809864 0.0 1.0 0.0 -1.797550401234469 0.0 0.0 1.0 0.780662443724186
1.0 0.0 0.0 4.723210346881432 0.0 1.0 0.0 -1.79698430471475 0.0 0.0 1.0 1.171744961277441
1.0 0.0 0.0 4.688425985819538 0.0 1.0 0.0 -1.779229312168892 0.0 0.0 1.0 0.765727597412019
1.0 0.0 0.0 4.682609757575222 0.0 1.0 0.0 -1.780603235538504 0.0 0.0 1.0 0.732687005749921
1.0 0.0 0.0 4.68142493491358 0.0 1.0 0.0 -1.779678888708548 0.0 0.0 1.0 0.716870157886739
1.0 0.0 0.0 4.678878981083973 0.0 1.0 0.0 -1.781797154345369 0.0 0.0 1.0 0.70017591651044
1.0 0.0 0.0 4.678126251372519 0.0 1.0 0.0 -1.781816033279571 0.0 0.0 1.0 0.695826760347555
1.0 0.0 0.0 4.677548623025595 0.0 1.0 0.0 -1.781469039391259 0.0 0.0 1.0 0.69170849573487
1.0 0.0 0.0 4.681225129186043 0.0 1.0 0.0 -1.780808645311411 0.0 0.0 1.0 0.686453623421084
1.0 0.0 0.0 4.688026058354923 0.0 1.0 0.0 -1.780934849437583 0.0 0.0 1.0 0.682212480064467
1.0 0.0 0.0 4.692843901447404 0.0 1.0 0.0 -1.782170865395439 0.0 0.0 1.0 0.681456271796821
1.0 0.0 0.0 4.696790789359085 0.0 1.0 0.0 -1.782881132378106 0.0 0.0 1.0 0.680776294633137
1.0 0.0 0.0 4.698321252202535 0.0 1.0 0.0 -1.78100288412492 0.0 0.0 1.0 0.67925407198553
1.0 0.0 0.0 4.698319358851212 0.0 1.0 0.0 -1.780994828723279 0.0 0.0 1.0 0.679225753984328
1.0 0.0 0.0 4.699234289591591 0.0 1.0 0.0 -1.781328407944527 0.0 0.0 1.0 0.678983958550829
1.0 0.0 0.0 4.699262679401019 0.0 1.0 0.0 -1.781230450774228 0.0 0.0 1.0 0.678933926439926
1.0 0.0 0.0 4.699260200480817 0.0 1.0 0.0 -1.781235437323531 0.0 0.0 1.0 0.678930556566352
1.0 0.0 0.0 4.699265216283616 0.0 1.0 0.0 -1.781220652354526 0.0 0.0 1.0 0.678927189217763
1.0 0.0 0.0 4.699259709358392 0.0 1.0 0.0 -1.781243322856057 0.0 0.0 1.0 0.678944852845688
1.0 0.0 0.0 4.699247062555637 0.0 1.0 0.0 -1.781274578351609 0.0 0.0 1.0 0.678940277760089
1.0 0.0 0.0 4.699256703754288 0.0 1.0 0.0 -1.781250657101729 0.0 0.0 1.0 0.678943561813872
1.0 0.0 0.0 4.699253575959149 0.0 1.0 0.0 -1.781252525342171 0.0 0.0 1.0 0.678929713275997
1.0 0.0 0.0 4.699255428808232 0.0 1.0 0.0 -1.781253537378664 0.0 0.0 1.0 0.678942513408393
1.0 0.0 0.0 4.699231205251912 0.0 1.0 0.0 -1.781303265392434 0.0 0.0 1.0 0.678911757300115
1.0 0.0 0.0 4.698306836772983 0.0 1.0 0.0 -1.780960209998819 0.0 0.0 1.0 0.679078969022627
1.0 0.0 0.0 4.698317962843499 0.0 1.0 0.0 -1.780947784061967 0.0 0.0 1.0 0.679115689334341
1.0 0.0 0.0 4.698323760665021 0.0 1.0 0.0 -1.780938877823188 0.0 0.0 1.0 0.679129550777608
1.0 0.0 0.0 4.699252594252758 0.0 1.0 0.0 -1.781273404131138 0.0 0.0 1.0 0.678969390985435
1.0 0.0 0.0 4.698315060844861 0.0 1.0 0.0 -1.780961752619172 0.0 0.0 1.0 0.6791293855151
1.0 0.0 0.0 4.699284267627827 0.0 1.0 0.0 -1.781201653219179 0.0 0.0 1.0 0.678995013234479
1.0 0.0 0.0 4.698343147960377 0.0 1.0 0.0 -1.780899839034767 0.0 0.0 1.0 0.679155819768764
1.0 0.0 0.0 4.698348560580008 0.0 1.0 0.0 -1.780881362430109 0.0 0.0 1.0 0.679146713986762
1.0 0.0 0.0 4.699256971282932 0.0 1.0 0.0 -1.781272529018844 0.0 0.0 1.0 0.678992545149677
1.0 0.0 0.0 4.699286327751538 0.0 1.0 0.0 -1.781196688270155 0.0 0.0 1.0 0.678996033384703
1.0 0.0 0.0 4.698366205169723 0.0 1.0 0.0 -1.780851020241001 0.0 0.0 1.0 0.679181879703085
1.0 0.0 0.0 4.699256905469584 0.0 1.0 0.0 -1.781261782479513 0.0 0.0 1.0 0.67896885292251
1.0 0.0 0.0 4.698328495162933 0.0 1.0 0.0 -1.780935944765217 0.0 0.0 1.0 0.679150285933076
1.0 0.0 0.0 4.699268530302638 0.0 1.0 0.0 -1.781252692425627 0.0 0.0 1.0 0.679015669177977
1.0 0.0 0.0 4.699282831480232 0.0 1.0 0.0 -1.781209766527578 0.0 0.0 1.0 0.679004395233621
1.0 0.0 0.0 4.698378759240751 0.0 1.0 0.0 -1.780832614750284 0.0 0.0 1.0 0.679213807609134
1.0 0.0 0.0 4.699313440635875 0.0 1.0 0.0 -1.78114742122519 0.0 0.0 1.0 0.679044339786877
1.0 0.0 0.0 4.699297992567023 0.0 1.0 0.0 -1.781176337893384 0.0 0.0 1.0 0.679018650641417
1.0 0.0 0.0 4.69837899048227 0.0 1.0 0.0 -1.780836856009562 0.0 0.0 1.0 0.679224333513816
1.0 0.0 0.0 4.699286200174186 0.0 1.0 0.0 -1.781227408079248 0.0 0.0 1.0 0.679061954220783
1.0 0.0 0.0 4.698359755718815 0.0 1.0 0.0 -1.780873590568407 0.0 0.0 1.0 0.679193932164974
1.0 0.0 0.0 4.699305440878296 0.0 1.0 0.0 -1.781171708237883 0.0 0.0 1.0 0.679051241189316
1.0 0.0 0.0 4.69932610263526 0.0 1.0 0.0 -1.781135285629375 0.0 0.0 1.0 0.679090491760547
1.0 0.0 0.0 4.699317587534857 0.0 1.0 0.0 -1.781157281663328 0.0 0.0 1.0 0.679089472105411
1.0 0.0 0.0 4.699306173690331 0.0 1.0 0.0 -1.781175795106385 0.0 0.0 1.0 0.67906430319888
1.0 0.0 0.0 4.699319532386462 0.0 1.0 0.0 -1.78115559808853 0.0 0.0 1.0 0.679096952590726
1.0 0.0 0.0 4.699316424534257 0.0 1.0 0.0 -1.781159463209033 0.0 0.0 1.0 0.679087547861775
1.0 0.0 0.0 4.699313690486171 0.0 1.0 0.0 -1.781176542674833 0.0 0.0 1.0 0.67910895515541
1.0 0.0 0.0 4.699323519421662 0.0 1.0 0.0 -1.78113012043022 0.0 0.0 1.0 0.679064497451131
1.0 0.0 0.0 4.699331532607659 0.0 1.0 0.0 -1.78113150731864 0.0 0.0 1.0 0.679113378394154
1.0 0.0 0.0 4.699321367817755 0.0 1.0 0.0 -1.78115011930094 0.0 0.0 1.0 0.67909557206229
1.0 0.0 0.0 4.699316729845315 0.0 1.0 0.0 -1.781160450144869 0.0 0.0 1.0 0.679091437020422
1.0 0.0 0.0 4.699326005777886 0.0 1.0 0.0 -1.781131489387108 0.0 0.0 1.0 0.679081700589298
1.0 0.0 0.0 4.69931556419365 0.0 1.0 0.0 -1.781156483429311 0.0 0.0 1.0 0.679076157576195
1.0 0.0 0.0 4.699317200896464 0.0 1.0 0.0 -1.781152403176421 0.0 0.0 1.0 0.679076673854148
1.0 0.0 0.0 4.699330302351014 0.0 1.0 0.0 -1.781129878194409 0.0 0.0 1.0 0.679102800770008
1.0 0.0 0.0 4.699324578375394 0.0 1.0 0.0 -1.781122361233344 0.0 0.0 1.0 0.679053724735666
1.0 0.0 0.0 4.699334012126712 0.0 1.0 0.0 -1.781128637829299 0.0 0.0 1.0 0.679121346849115
1.0 0.0 0.0 4.699327554026219 0.0 1.0 0.0 -1.7811261979647 0.0 0.0 1.0 0.679079082811506
1.0 0.0 0.0 4.699308484098371 0.0 1.0 0.0 -1.781164893080906 0.0 0.0 1.0 0.679053874839842
1.0 0.0 0.0 4.698395153325332 0.0 1.0 0.0 -1.780807337976035 0.0 0.0 1.0 0.679252810704724
1.0 0.0 0.0 4.698397744701007 0.0 1.0 0.0 -1.780800573446546 0.0 0.0 1.0 0.679252967890405
1.0 0.0 0.0 4.69932036654978 0.0 1.0 0.0 -1.781149306534277 0.0 0.0 1.0 0.679088076762782
1.0 0.0 0.0 4.69932205827666 0.0 1.0 0.0 -1.781140655592274 0.0 0.0 1.0 0.679078991025967
1.0 0.0 0.0 4.699308613550717 0.0 1.0 0.0 -1.781164570417874 0.0 0.0 1.0 0.679053915793296
1.0 0.0 0.0 4.699330318003655 0.0 1.0 0.0 -1.781118610556357 0.0 0.0 1.0 0.679078442963221
1.0 0.0 0.0 4.699324021386043 0.0 1.0 0.0 -1.781135244329078 0.0 0.0 1.0 0.679078488027649
1.0 0.0 0.0 4.69931465185107 0.0 1.0 0.0 -1.781140898739469 0.0 0.0 1.0 0.67903712186448
1.0 0.0 0.0 4.699323755598916 0.0 1.0 0.0 -1.781125132569761 0.0 0.0 1.0 0.67905502762605
1.0 0.0 0.0 4.699327607593955 0.0 1.0 0.0 -1.78111464614115 0.0 0.0 1.0 0.679054326228945
1.0 0.0 0.0 4.699308506351955 0.0 1.0 0.0 -1.78116519900577 0.0 0.0 1.0 0.679054665976921
1.0 0.0 0.0 4.699316966415302 0.0 1.0 0.0 -1.781149917953521 0.0 0.0 1.0 0.679069939426279
1.0 0.0 0.0 4.699319621881795 0.0 1.0 0.0 -1.781146682361394 0.0 0.0 1.0 0.679078120222638
1.0 0.0 0.0 4.699310913795905 0.0 1.0 0.0 -1.781166067032904 0.0 0.0 1.0 0.679070330329146
1.0 0.0 0.0 4.699322251816056 0.0 1.0 0.0 -1.781130993207627 0.0 0.0 1.0 0.679059134845692
1.0 0.0 0.0 4.698380611105352 0.0 1.0 0.0 -1.780838966802794 0.0 0.0 1.0 0.679238190412605
1.0 0.0 0.0 4.699320438058655 0.0 1.0 0.0 -1.781167133898362 0.0 0.0 1.0 0.679127167724434
1.0 0.0 0.0 4.698399766017285 0.0 1.0 0.0 -1.780800499067827 0.0 0.0 1.0 0.679264377718683
1.0 0.0 0.0 4.698394635531057 0.0 1.0 0.0 -1.780805434803932 0.0 0.0 1.0 0.679245717203556
1.0 0.0 0.0 4.699320038563245 0.0 1.0 0.0 -1.781141463702299 0.0 0.0 1.0 0.679069182659504
1.0 0.0 0.0 4.699326774207466 0.0 1.0 0.0 -1.781131392484473 0.0 0.0 1.0 0.679085889217692
1.0 0.0 0.0 4.698389320255896 0.0 1.0 0.0 -1.780811039692192 0.0 0.0 1.0 0.679227451222252
1.0 0.0 0.0 4.699314947358504 0.0 1.0 0.0 -1.781153913372625 0.0 0.0 1.0 0.679067050338897
1.0 0.0 0.0 4.698391982259078 0.0 1.0 0.0 -1.780817637111201 0.0 0.0 1.0 0.679257004356464
1.0 0.0 0.0 4.699332434865801 0.0 1.0 0.0 -1.781119527003322 0.0 0.0 1.0 0.679092549382645
1.0 0.0 0.0 4.699312899165351 0.0 1.0 0.0 -1.781164315714222 0.0 0.0 1.0 0.679077895563335
1.0 0.0 0.0 4.699314616474119 0.0 1.0 0.0 -1.78116935386019 0.0 0.0 1.0 0.679098657832474
1.0 0.0 0.0 4.698395385896395 0.0 1.0 0.0 -1.780800341098136 0.0 0.0 1.0 0.679238960780622
1.0 0.0 0.0 4.699334772725432 0.0 1.0 0.0 -1.781118277295926 0.0 0.0 1.0 0.679103221209047
1.0 0.0 0.0 4.698405412832031 0.0 1.0 0.0 -1.780786180837425 0.0 0.0 1.0 0.67926563659281
1.0 0.0 0.0 4.69838172956367 0.0 1.0 0.0 -1.780839598950667 0.0 0.0 1.0 0.679245964582851
1.0 0.0 0.0 4.698376432584346 0.0 1.0 0.0 -1.780860564725603 0.0 0.0 1.0 0.679261133352177
1.0 0.0 0.0 4.698401758281317 0.0 1.0 0.0 -1.780787617694413 0.0 0.0 1.0 0.679247833398966
1.0 0.0 0.0 4.699328216497527 0.0 1.0 0.0 -1.781131282852416 0.0 0.0 1.0 0.679093907804955
1.0 0.0 0.0 4.698404249765471 0.0 1.0 0.0 -1.780778777271563 0.0 0.0 1.0 0.67924291488993
1.0 0.0 0.0 4.69840034204009 0.0 1.0 0.0 -1.780798875788673 0.0 0.0 1.0 0.67926415310332
1.0 0.0 0.0 4.698406538299739 0.0 1.0 0.0 -1.780788619305689 0.0 0.0 1.0 0.679277370460691
1.0 0.0 0.0 4.69843966136602 0.0 1.0 0.0 -1.780724580701074 0.0 0.0 1.0 0.679328045791637
1.0 0.0 0.0 4.698410542940891 0.0 1.0 0.0 -1.780795096730471 0.0 0.0 1.0 0.679314351454635
1.0 0.0 0.0 4.698402622873517 0.0 1.0 0.0 -1.780824401741986 0.0 0.0 1.0 0.679332598580324
1.0 0.0 0.0 4.698475747937557 0.0 1.0 0.0 -1.780664444479848 0.0 0.0 1.0 0.679404166378421
1.0 0.0 0.0 4.699419850780278 0.0 1.0 0.0 -1.780968066173075 0.0 0.0 1.0 0.679264379929045
1.0 0.0 0.0 4.698513805680459 0.0 1.0 0.0 -1.780585048344856 0.0 0.0 1.0 0.679449792383729
1.0 0.0 0.0 4.699542551716097 0.0 1.0 0.0 -1.780700202423539 0.0 0.0 1.0 0.679385755709328
1.0 0.0 0.0 4.699607118957339 0.0 1.0 0.0 -1.78056459024621 0.0 0.0 1.0 0.679461267606465
1.0 0.0 0.0 4.699656195502149 0.0 1.0 0.0 -1.780461386107263 0.0 0.0 1.0 0.679518409471481
1.0 0.0 0.0 4.699693226797848 0.0 1.0 0.0 -1.780374911883619 0.0 0.0 1.0 0.679542876945393
1.0 0.0 0.0 4.699737319545576 0.0 1.0 0.0 -1.780291909134865 0.0 0.0 1.0 0.679615340883896
1.0 0.0 0.0 4.699853017256826 0.0 1.0 0.0 -1.780032928038434 0.0 0.0 1.0 0.67971618675223
1.0 0.0 0.0 4.699919041659355 0.0 1.0 0.0 -1.779884509054291 0.0 0.0 1.0 0.679772422396672
1.0 0.0 0.0 4.699942291745503 0.0 1.0 0.0 -1.779846619310313 0.0 0.0 1.0 0.67982342841002
1.0 0.0 0.0 4.699168727103008 0.0 1.0 0.0 -1.779181218604343 0.0 0.0 1.0 0.680155378918247
1.0 0.0 0.0 4.698809181401948 0.0 1.0 0.0 -1.777589538615481 0.0 0.0 1.0 0.68085163777955
1.0 0.0 0.0 4.700331602084112 0.0 1.0 0.0 -1.774071991003185 0.0 0.0 1.0 0.681961047760455
1.0 0.0 0.0 4.699911151351857 0.0 1.0 0.0 -1.767714338187171 0.0 0.0 1.0 0.684447860296054
1.0 0.0 0.0 4.69793140637258 0.0 1.0 0.0 -1.762951152541546 0.0 0.0 1.0 0.68767850483174
1.0 0.0 0.0 4.696202399613298 0.0 1.0 0.0 -1.736797338298803 0.0 0.0 1.0 0.715545191219001
1.0 0.0 0.0 4.691816728485105 0.0 1.0 0.0 -1.717733643055586 0.0 0.0 1.0 0.737973417312606
1.0 0.0 0.0 4.687994226096232 0.0 1.0 0.0 -1.707408974151175 0.0 0.0 1.0 0.750995557029686
1.0 0.0 0.0 4.668401483368576 0.0 1.0 0.0 -1.681993655762026 0.0 0.0 1.0 0.779842864198422
1.0 0.0 0.0 4.646519952983402 0.0 1.0 0.0 -1.646215485413661 0.0 0.0 1.0 0.820372958553923
1.0 0.0 0.0 4.628844631186367 0.0 1.0 0.0 -1.621521711842688 0.0 0.0 1.0 0.845288250342739
1.0 0.0 0.0 4.606556641280544 0.0 1.0 0.0 -1.605074651450723 0.0 0.0 1.0 0.858720927513859
1.0 0.0 0.0 4.588112425415217 0.0 1.0 0.0 -1.580588796404593 0.0 0.0 1.0 0.880255032302662
1.0 0.0 0.0 4.560553451362646 0.0 1.0 0.0 -1.545109316819972 0.0 0.0 1.0 0.91039800782447
1.0 0.0 0.0 4.551296861690946 0.0 1.0 0.0 -1.534453814889308 0.0 0.0 1.0 0.917911250716492
1.0 0.0 0.0 4.531704270500931 0.0 1.0 0.0 -1.520018722672738 0.0 0.0 1.0 0.92622219676159
1.0 0.0 0.0 4.524049858890341 0.0 1.0 0.0 -1.510239917716095 0.0 0.0 1.0 0.932216231874509
1.0 0.0 0.0 4.499941260654385 0.0 1.0 0.0 -1.481596121432916 0.0 0.0 1.0 0.95212196176382
1.0 0.0 0.0 4.493360320506564 0.0 1.0 0.0 -1.473019846455831 0.0 0.0 1.0 0.962031243508655
1.0 0.0 0.0 4.487323607020496 0.0 1.0 0.0 -1.463895844686895 0.0 0.0 1.0 0.97527466675151
1.0 0.0 0.0 4.468139062131199 0.0 1.0 0.0 -1.443546820373431 0.0 0.0 1.0 1.00894424516609
1.0 0.0 0.0 4.454767890928159 0.0 1.0 0.0 -1.418173513547169 0.0 0.0 1.0 1.055453135676225
1.0 0.0 0.0 4.445179077981298 0.0 1.0 0.0 -1.399604320441463 0.0 0.0 1.0 1.08059085399068
1.0 0.0 0.0 4.440842978355313 0.0 1.0 0.0 -1.389798267144416 0.0 0.0 1.0 1.091362497988488
1.0 0.0 0.0 4.425940202391719 0.0 1.0 0.0 -1.368422057797134 0.0 0.0 1.0 1.108801801237171
1.0 0.0 0.0 4.417322201073483 0.0 1.0 0.0 -1.349035094514283 0.0 0.0 1.0 1.122270344207289
1.0 0.0 0.0 4.403535267906475 0.0 1.0 0.0 -1.319249651637253 0.0 0.0 1.0 1.150853924748912
1.0 0.0 0.0 4.385934790613512 0.0 1.0 0.0 -1.296267846663844 0.0 0.0 1.0 1.173156767197385
1.0 0.0 0.0 4.360635836227757 0.0 1.0 0.0 -1.242192981966102 0.0 0.0 1.0 1.198225646051178
1.0 0.0 0.0 4.329395186753452 0.0 1.0 0.0 -1.19229129687616 0.0 0.0 1.0 1.191643880926917
1.0 0.0 0.0 4.323109191243971 0.0 1.0 0.0 -1.180459979579516 0.0 0.0 1.0 1.189185803828175
1.0 0.0 0.0 4.311240538248684 0.0 1.0 0.0 -1.154799941105017 0.0 0.0 1.0 1.187571436903372
1.0 0.0 0.0 4.289324848800439 0.0 1.0 0.0 -1.125635526890423 0.0 0.0 1.0 1.193496315287692
1.0 0.0 0.0 4.283858963183003 0.0 1.0 0.0 -1.11219530973609 0.0 0.0 1.0 1.198422361116872
1.0 0.0 0.0 4.267876481437923 0.0 1.0 0.0 -1.070498685907848 0.0 0.0 1.0 1.217488455558125
1.0 0.0 0.0 4.258642571580055 0.0 1.0 0.0 -1.042937625546466 0.0 0.0 1.0 1.224398122795223
1.0 0.0 0.0 4.242135939465549 0.0 1.0 0.0 -1.013751406415623 0.0 0.0 1.0 1.226604745407594
1.0 0.0 0.0 4.229191467314194 0.0 1.0 0.0 -0.972942128176305 0.0 0.0 1.0 1.228572068657739
1.0 0.0 0.0 4.219212803381844 0.0 1.0 0.0 -0.946828942799417 0.0 0.0 1.0 1.236898783002215
1.0 0.0 0.0 4.205400026292286 0.0 1.0 0.0 -0.932508007530277 0.0 0.0 1.0 1.244074117023722
1.0 0.0 0.0 4.189365396281465 0.0 1.0 0.0 -0.89607840737169 0.0 0.0 1.0 1.272876000047997
1.0 0.0 0.0 4.183017293120455 0.0 1.0 0.0 -0.884710069609001 0.0 0.0 1.0 1.281284883626774
1.0 0.0 0.0 4.171080769382912 0.0 1.0 0.0 -0.861948669904598 0.0 0.0 1.0 1.294962801670655
1.0 0.0 0.0 4.138810698514681 0.0 1.0 0.0 -0.815648564800323 0.0 0.0 1.0 1.300270655155526
1.0 0.0 0.0 4.127018079968662 0.0 1.0 0.0 -0.790343774049236 0.0 0.0 1.0 1.292344014547711
1.0 0.0 0.0 4.120129162422968 0.0 1.0 0.0 -0.776725099314472 0.0 0.0 1.0 1.286392803991703
1.0 0.0 0.0 4.11326329796801 0.0 1.0 0.0 -0.76240752656935 0.0 0.0 1.0 1.279301681833372
1.0 0.0 0.0 4.098521039287746 0.0 1.0 0.0 -0.746141374840976 0.0 0.0 1.0 1.27160764688041
1.0 0.0 0.0 4.092539832845284 0.0 1.0 0.0 -0.731430597146258 0.0 0.0 1.0 1.262932881554093
1.0 0.0 0.0 4.072311984881011 0.0 1.0 0.0 -0.679372730063242 0.0 0.0 1.0 1.234171453199005
1.0 0.0 0.0 4.057164051791331 0.0 1.0 0.0 -0.641009478278947 0.0 0.0 1.0 1.218261685845135
1.0 0.0 0.0 4.03663577904958 0.0 1.0 0.0 -0.620359875856528 0.0 0.0 1.0 1.212400226737638
1.0 0.0 0.0 4.006722246994548 0.0 1.0 0.0 -0.560182507337621 0.0 0.0 1.0 1.195434021551643
1.0 0.0 0.0 3.969783643642861 0.0 1.0 0.0 -0.498901868882601 0.0 0.0 1.0 1.188219758453065
1.0 0.0 0.0 3.955302231555331 0.0 1.0 0.0 -0.477880463580127 0.0 0.0 1.0 1.189600951447525
1.0 0.0 0.0 3.909614744060436 0.0 1.0 0.0 -0.434619848431163 0.0 0.0 1.0 1.199763624154882
1.0 0.0 0.0 3.889190798915675 0.0 1.0 0.0 -0.413841423319452 0.0 0.0 1.0 1.206563943395256
1.0 0.0 0.0 3.836936348255677 0.0 1.0 0.0 -0.351088293388343 0.0 0.0 1.0 1.233974439775079
1.0 0.0 0.0 3.82015068715022 0.0 1.0 0.0 -0.330916466242755 0.0 0.0 1.0 1.241824846522983
1.0 0.0 0.0 3.804237629306288 0.0 1.0 0.0 -0.309685875993976 0.0 0.0 1.0 1.247905294694519
1.0 0.0 0.0 3.737092684870046 0.0 1.0 0.0 -0.245325220349063 0.0 0.0 1.0 1.255064247692518
1.0 0.0 0.0 3.706227843008814 0.0 1.0 0.0 -0.202417642932597 0.0 0.0 1.0 1.250357283200799
1.0 0.0 0.0 3.695972870362079 0.0 1.0 0.0 -0.181518098219513 0.0 0.0 1.0 1.245968282980567
1.0 0.0 0.0 3.640087360366279 0.0 1.0 0.0 -0.115861019429965 0.0 0.0 1.0 1.227163247484673
1.0 0.0 0.0 3.609418154076858 0.0 1.0 0.0 -0.045589980820963 0.0 0.0 1.0 1.200180881325442
1.0 0.0 0.0 3.585205304019123 0.0 1.0 0.0 0.02990658108751 0.0 0.0 1.0 1.173830768510606
1.0 0.0 0.0 3.567103344726374 0.0 1.0 0.0 0.142062244473424 0.0 0.0 1.0 1.139015461990784
1.0 0.0 0.0 3.56754473705328 0.0 1.0 0.0 0.200164402398116 0.0 0.0 1.0 1.121604304986804
1.0 0.0 0.0 3.579699869051472 0.0 1.0 0.0 0.260361255534429 0.0 0.0 1.0 1.102176380207973
1.0 0.0 0.0 3.590192190450045 0.0 1.0 0.0 0.321960073007431 0.0 0.0 1.0 1.078703472037993
1.0 0.0 0.0 3.605150890748053 0.0 1.0 0.0 0.382807037460628 0.0 0.0 1.0 1.050832780438834
1.0 0.0 0.0 3.622089274629871 0.0 1.0 0.0 0.446506034294385 0.0 0.0 1.0 1.018472451218397
1.0 0.0 0.0 3.666334447375595 0.0 1.0 0.0 0.546229457365606 0.0 0.0 1.0 0.958548243703157
1.0 0.0 0.0 3.68778754698492 0.0 1.0 0.0 0.612900029680767 0.0 0.0 1.0 0.919734958968428
1.0 0.0 0.0 3.697629316372419 0.0 1.0 0.0 0.64782781590578 0.0 0.0 1.0 0.902918865339318
1.0 0.0 0.0 3.750965490703986 0.0 1.0 0.0 0.756232456005283 0.0 0.0 1.0 0.862750164318181
1.0 0.0 0.0 3.779086296167534 0.0 1.0 0.0 0.828141115267208 0.0 0.0 1.0 0.849070086230158
1.0 0.0 0.0 3.815039435937236 0.0 1.0 0.0 0.870824194740634 0.0 0.0 1.0 0.841766651418179
1.0 0.0 0.0 3.827775256181418 0.0 1.0 0.0 0.909155557057334 0.0 0.0 1.0 0.840599419389908
1.0 0.0 0.0 3.927381458869735 0.0 1.0 0.0 1.043155773894963 0.0 0.0 1.0 0.837918699242971
1.0 0.0 0.0 4.015931619964195 0.0 1.0 0.0 1.215009985281388 0.0 0.0 1.0 0.854029655365606
1.0 0.0 0.0 4.06801002019442 0.0 1.0 0.0 1.302713594595743 0.0 0.0 1.0 0.853572623145687
1.0 0.0 0.0 4.156214184362618 0.0 1.0 0.0 1.433694203716181 0.0 0.0 1.0 0.858177332413572
1.0 0.0 0.0 4.17919292895547 0.0 1.0 0.0 1.47142487607092 0.0 0.0 1.0 0.863504496387544
1.0 0.0 0.0 4.27572767738752 0.0 1.0 0.0 1.567483671374749 0.0 0.0 1.0 0.871590776741505
1.0 0.0 0.0 4.36747722902322 0.0 1.0 0.0 1.686877114674638 0.0 0.0 1.0 0.892695711228289
1.0 0.0 0.0 4.399411405029612 0.0 1.0 0.0 1.725836839084216 0.0 0.0 1.0 0.896867767716675
1.0 0.0 0.0 4.540914933318674 0.0 1.0 0.0 1.854002829333107 0.0 0.0 1.0 0.893695398971217
1.0 0.0 0.0 4.777393991341475 0.0 1.0 0.0 2.06628780383766 0.0 0.0 1.0 0.869438160406563
1.0 0.0 0.0 4.903727276314838 0.0 1.0 0.0 2.152507365081751 0.0 0.0 1.0 0.862599267601222
1.0 0.0 0.0 4.987269092595252 0.0 1.0 0.0 2.218041690952846 0.0 0.0 1.0 0.864259847067204
1.0 0.0 0.0 5.076976052817201 0.0 1.0 0.0 2.285085439565864 0.0 0.0 1.0 0.860263155642025
1.0 0.0 0.0 5.166362679969319 0.0 1.0 0.0 2.351195581735226 0.0 0.0 1.0 0.85135519326248
1.0 0.0 0.0 5.260426239483866 0.0 1.0 0.0 2.405974279812017 0.0 0.0 1.0 0.839144733094297
1.0 0.0 0.0 5.404126172571883 0.0 1.0 0.0 2.508537107612561 0.0 0.0 1.0 0.815463953027839
1.0 0.0 0.0 5.498332307711495 0.0 1.0 0.0 2.575865366014564 0.0 0.0 1.0 0.798734600682208
1.0 0.0 0.0 5.594925338990596 0.0 1.0 0.0 2.631967786101995 0.0 0.0 1.0 0.786030882033504
1.0 0.0 0.0 5.738976654229782 0.0 1.0 0.0 2.73454053705108 0.0 0.0 1.0 0.776855633859692
1.0 0.0 0.0 5.833701667966895 0.0 1.0 0.0 2.803841714734333 0.0 0.0 1.0 0.773558648193377
1.0 0.0 0.0 6.023716346577692 0.0 1.0 0.0 2.931054161628325 0.0 0.0 1.0 0.755943370383024
1.0 0.0 0.0 6.116570137714435 0.0 1.0 0.0 2.999158504274831 0.0 0.0 1.0 0.743530983381094
1.0 0.0 0.0 6.209285579422305 0.0 1.0 0.0 3.066540661591807 0.0 0.0 1.0 0.727671805647503
1.0 0.0 0.0 6.307187147280879 0.0 1.0 0.0 3.125629865290158 0.0 0.0 1.0 0.711876505110834
1.0 0.0 0.0 6.402670720159438 0.0 1.0 0.0 3.192683479301323 0.0 0.0 1.0 0.690643248162626
1.0 0.0 0.0 6.543700728802089 0.0 1.0 0.0 3.290546832481928 0.0 0.0 1.0 0.65384675836071
1.0 0.0 0.0 6.641543973030851 0.0 1.0 0.0 3.357802012032702 0.0 0.0 1.0 0.626654516456924
1.0 0.0 0.0 6.865373869513575 0.0 1.0 0.0 3.513124872500747 0.0 0.0 1.0 0.584514383357876
1.0 0.0 0.0 6.948315867447842 0.0 1.0 0.0 3.580663016680032 0.0 0.0 1.0 0.58377126891153
1.0 0.0 0.0 7.231520058580384 0.0 1.0 0.0 3.767364536704824 0.0 0.0 1.0 0.585069203058677
1.0 0.0 0.0 7.275885041934755 0.0 1.0 0.0 3.824320030002743 0.0 0.0 1.0 0.634366834151419
1.0 0.0 0.0 8.892368032264908 0.0 1.0 0.0 4.374382365280652 0.0 0.0 1.0 0.807981623061539
1.0 0.0 0.0 9.03127446292283 0.0 1.0 0.0 4.361669613159749 0.0 0.0 1.0 0.808072261069877
1.0 0.0 0.0 9.081512514289937 0.0 1.0 0.0 4.342838211835268 0.0 0.0 1.0 0.808592527257628
1.0 0.0 0.0 9.235774009143608 0.0 1.0 0.0 4.277368797795118 0.0 0.0 1.0 0.800339860926679
1.0 0.0 0.0 9.79023805205106 0.0 1.0 0.0 3.85899445575721 0.0 0.0 1.0 0.680383625633142
1.0 0.0 0.0 9.885673602916755 0.0 1.0 0.0 3.712787073564636 0.0 0.0 1.0 0.660543052267609
1.0 0.0 0.0 9.991463298325831 0.0 1.0 0.0 3.545954528379038 0.0 0.0 1.0 0.660661959274651
1.0 0.0 0.0 10.494514351128585 0.0 1.0 0.0 2.599716921580221 0.0 0.0 1.0 0.818056254221824
1.0 0.0 0.0 10.839648612419042 0.0 1.0 0.0 1.908332987359521 0.0 0.0 1.0 0.838486727335232
1.0 0.0 0.0 10.878290808304138 0.0 1.0 0.0 1.812201730458347 0.0 0.0 1.0 0.835415305456348
1.0 0.0 0.0 11.114348065967429 0.0 1.0 0.0 1.269060462260308 0.0 0.0 1.0 0.803741800749016
1.0 0.0 0.0 11.199599566283892 0.0 1.0 0.0 1.088750904982007 0.0 0.0 1.0 0.798951535685507
1.0 0.0 0.0 11.261952579366262 0.0 1.0 0.0 0.911218242354689 0.0 0.0 1.0 0.803338457583846
1.0 0.0 0.0 11.31028161584484 0.0 1.0 0.0 0.821646232481209 0.0 0.0 1.0 0.807463430350978
1.0 0.0 0.0 11.058474983737478 0.0 1.0 0.0 0.301546061578963 0.0 0.0 1.0 0.527928286771031
1.0 0.0 0.0 10.733157790672749 0.0 1.0 0.0 0.843912366325813 0.0 0.0 1.0 0.315845311130194
1.0 0.0 0.0 10.642741869428978 0.0 1.0 0.0 0.962895646412969 0.0 0.0 1.0 0.283702186156694
1.0 0.0 0.0 10.543697517073904 0.0 1.0 0.0 1.149240930279836 0.0 0.0 1.0 0.235926852561599
1.0 0.0 0.0 10.488430088416331 0.0 1.0 0.0 1.209601235518669 0.0 0.0 1.0 0.220419049583996
1.0 0.0 0.0 10.421328682852637 0.0 1.0 0.0 1.339838207387169 0.0 0.0 1.0 0.183930822737446
1.0 0.0 0.0 10.295828740317043 0.0 1.0 0.0 1.540575032113942 0.0 0.0 1.0 0.145429258358071
1.0 0.0 0.0 9.650782199937817 0.0 1.0 0.0 2.464435864313316 0.0 0.0 1.0 0.123035678141721
1.0 0.0 0.0 9.537760235106736 0.0 1.0 0.0 2.611298260624823 0.0 0.0 1.0 0.108435209140798
1.0 0.0 0.0 9.383746572503423 0.0 1.0 0.0 2.750123944171432 0.0 0.0 1.0 0.092626206870771
1.0 0.0 0.0 9.187297791208177 0.0 1.0 0.0 2.971766555479331 0.0 0.0 1.0 0.050264745587094
1.0 0.0 0.0 9.114166213651025 0.0 1.0 0.0 3.046278926924754 0.0 0.0 1.0 0.032400550164498
1.0 0.0 0.0 8.93047787253101 0.0 1.0 0.0 3.179114585949537 0.0 0.0 1.0 0.001340626903614
1.0 0.0 0.0 8.782676859322214 0.0 1.0 0.0 3.310881861118439 0.0 0.0 1.0 -0.038016624180796
1.0 0.0 0.0 8.503739199009962 0.0 1.0 0.0 3.482129724612051 0.0 0.0 1.0 -0.099293861796211
1.0 0.0 0.0 8.340410199833803 0.0 1.0 0.0 3.595923554184344 0.0 0.0 1.0 -0.14979318731323
1.0 0.0 0.0 8.133893212649518 0.0 1.0 0.0 3.67265689441414 0.0 0.0 1.0 -0.18451093311469
1.0 0.0 0.0 7.977534353937041 0.0 1.0 0.0 3.750805442941973 0.0 0.0 1.0 -0.218193532168874
1.0 0.0 0.0 7.772329482006356 0.0 1.0 0.0 3.792401702584688 0.0 0.0 1.0 -0.233296752240847
1.0 0.0 0.0 7.544645621588473 0.0 1.0 0.0 3.866570912635865 0.0 0.0 1.0 -0.258453957938835
1.0 0.0 0.0 7.353208748284303 0.0 1.0 0.0 3.877347054491239 0.0 0.0 1.0 -0.255469396960646
1.0 0.0 0.0 7.211629065920848 0.0 1.0 0.0 3.897445133912867 0.0 0.0 1.0 -0.255024602586484
1.0 0.0 0.0 7.058707509531597 0.0 1.0 0.0 3.900259100853351 0.0 0.0 1.0 -0.244893138828078
1.0 0.0 0.0 6.823724121036001 0.0 1.0 0.0 3.876462224288106 0.0 0.0 1.0 -0.229171952092058
1.0 0.0 0.0 6.706426788130437 0.0 1.0 0.0 3.839853813045066 0.0 0.0 1.0 -0.216177590893196
1.0 0.0 0.0 6.571890602467327 0.0 1.0 0.0 3.814497550639626 0.0 0.0 1.0 -0.221140841966738
1.0 0.0 0.0 6.452142854006637 0.0 1.0 0.0 3.767293729983273 0.0 0.0 1.0 -0.212394045573114
1.0 0.0 0.0 6.184702625506448 0.0 1.0 0.0 3.666800659993176 0.0 0.0 1.0 -0.238452814691032
1.0 0.0 0.0 6.116139953206301 0.0 1.0 0.0 3.633385799765518 0.0 0.0 1.0 -0.246285133580166
1.0 0.0 0.0 5.870215586981477 0.0 1.0 0.0 3.491307920895699 0.0 0.0 1.0 -0.25626169984283
1.0 0.0 0.0 5.80799476124796 0.0 1.0 0.0 3.450560160491017 0.0 0.0 1.0 -0.2599918494139
1.0 0.0 0.0 5.618640803652493 0.0 1.0 0.0 3.320266818387412 0.0 0.0 1.0 -0.243272671466333
1.0 0.0 0.0 5.505683220141165 0.0 1.0 0.0 3.226081504024902 0.0 0.0 1.0 -0.239842213148398
1.0 0.0 0.0 5.451821638454241 0.0 1.0 0.0 3.176522145156116 0.0 0.0 1.0 -0.235930807180099
1.0 0.0 0.0 5.341698790627383 0.0 1.0 0.0 3.092667006277878 0.0 0.0 1.0 -0.211080770968627
1.0 0.0 0.0 5.201367859883026 0.0 1.0 0.0 2.938537906551627 0.0 0.0 1.0 -0.181434002393976
1.0 0.0 0.0 5.066691613777042 0.0 1.0 0.0 2.810852391440617 0.0 0.0 1.0 -0.137717922391518
1.0 0.0 0.0 5.008180071444625 0.0 1.0 0.0 2.751332696128165 0.0 0.0 1.0 -0.119234250131131
1.0 0.0 0.0 4.976992349694196 0.0 1.0 0.0 2.706411806042274 0.0 0.0 1.0 -0.112097561088181
1.0 0.0 0.0 4.87237228372684 0.0 1.0 0.0 2.569868162476047 0.0 0.0 1.0 -0.106928785075449
1.0 0.0 0.0 4.815541313645391 0.0 1.0 0.0 2.490929698522851 0.0 0.0 1.0 -0.122309571033374
1.0 0.0 0.0 4.742449610738206 0.0 1.0 0.0 2.410237261001533 0.0 0.0 1.0 -0.134285542196973
1.0 0.0 0.0 4.705504171101292 0.0 1.0 0.0 2.354699268991475 0.0 0.0 1.0 -0.155775758186415
1.0 0.0 0.0 4.692100151716768 0.0 1.0 0.0 2.330798984804674 0.0 0.0 1.0 -0.167718264673302
1.0 0.0 0.0 4.663332433451369 0.0 1.0 0.0 2.270946837301895 0.0 0.0 1.0 -0.202499256110579
1.0 0.0 0.0 4.656952365874778 0.0 1.0 0.0 2.252633126521508 0.0 0.0 1.0 -0.215408568999571
1.0 0.0 0.0 4.676420603013177 0.0 1.0 0.0 2.216022562683818 0.0 0.0 1.0 -0.266650497765923
1.0 0.0 0.0 4.689327986307471 0.0 1.0 0.0 2.206949851433847 0.0 0.0 1.0 -0.283994831274788
1.0 0.0 0.0 4.727536226632999 0.0 1.0 0.0 2.196532504528075 0.0 0.0 1.0 -0.312932566834274
1.0 0.0 0.0 4.750139460224804 0.0 1.0 0.0 2.193709878769224 0.0 0.0 1.0 -0.321301267601603
1.0 0.0 0.0 4.801035906819945 0.0 1.0 0.0 2.191655458609894 0.0 0.0 1.0 -0.324692168316066
1.0 0.0 0.0 5.187833724624833 0.0 1.0 0.0 2.223780103954888 0.0 0.0 1.0 -0.242330778677348
1.0 0.0 0.0 5.286584801496498 0.0 1.0 0.0 2.217210214529818 0.0 0.0 1.0 -0.209456383475763
1.0 0.0 0.0 5.358681784819713 0.0 1.0 0.0 2.221951101513937 0.0 0.0 1.0 -0.203973087787116
1.0 0.0 0.0 5.455240302068177 0.0 1.0 0.0 2.20189182937212 0.0 0.0 1.0 -0.176809945252638
1.0 0.0 0.0 5.555148387742656 0.0 1.0 0.0 2.175651536833106 0.0 0.0 1.0 -0.154496250955142
1.0 0.0 0.0 5.657132511846646 0.0 1.0 0.0 2.143182910432394 0.0 0.0 1.0 -0.137361308801266
1.0 0.0 0.0 5.89374672755025 0.0 1.0 0.0 2.06849288229733 0.0 0.0 1.0 -0.125217639386065
1.0 0.0 0.0 6.082454619344871 0.0 1.0 0.0 1.996686256491169 0.0 0.0 1.0 -0.130468023299338
1.0 0.0 0.0 6.18551473974872 0.0 1.0 0.0 1.928095430932123 0.0 0.0 1.0 -0.130905183094596
1.0 0.0 0.0 6.287756633372143 0.0 1.0 0.0 1.850711067396271 0.0 0.0 1.0 -0.134405171471422
1.0 0.0 0.0 6.391551587208853 0.0 1.0 0.0 1.761192686339804 0.0 0.0 1.0 -0.138235316314936
1.0 0.0 0.0 6.479010380902527 0.0 1.0 0.0 1.724802251822912 0.0 0.0 1.0 -0.147737496370868
1.0 0.0 0.0 6.637517149246619 0.0 1.0 0.0 1.566422720237418 0.0 0.0 1.0 -0.135312964695613
1.0 0.0 0.0 6.746283829079768 0.0 1.0 0.0 1.450397662039415 0.0 0.0 1.0 -0.116168122837579
1.0 0.0 0.0 6.893660555315062 0.0 1.0 0.0 1.334205018994538 0.0 0.0 1.0 -0.098194907604645
1.0 0.0 0.0 7.05171666314974 0.0 1.0 0.0 1.143730578014627 0.0 0.0 1.0 -0.059825555323946
1.0 0.0 0.0 7.157738393944301 0.0 1.0 0.0 1.004210191174384 0.0 0.0 1.0 -0.040461253593148
1.0 0.0 0.0 7.293309642469954 0.0 1.0 0.0 0.866517340572577 0.0 0.0 1.0 -0.034413755423916
1.0 0.0 0.0 7.388640383533087 0.0 1.0 0.0 0.717474256275415 0.0 0.0 1.0 -0.023804492770784
1.0 0.0 0.0 7.434351959925408 0.0 1.0 0.0 0.642125726810087 0.0 0.0 1.0 -0.019539849557644
1.0 0.0 0.0 7.48038003784789 0.0 1.0 0.0 0.563058517892887 0.0 0.0 1.0 -0.015915149514435
1.0 0.0 0.0 7.564709458657032 0.0 1.0 0.0 0.48348570802318 0.0 0.0 1.0 -0.020698318278003
1.0 0.0 0.0 7.695941954922381 0.0 1.0 0.0 0.244686753043824 0.0 0.0 1.0 -0.018723142714901
1.0 0.0 0.0 7.778345871698215 0.0 1.0 0.0 0.087191218648975 0.0 0.0 1.0 -0.021203407541076
1.0 0.0 0.0 7.906047592973562 0.0 1.0 0.0 -0.072460271762419 0.0 0.0 1.0 -0.035901882929977
1.0 0.0 0.0 7.99487200097379 0.0 1.0 0.0 -0.227435154514662 0.0 0.0 1.0 -0.046149133311359
1.0 0.0 0.0 8.086179877739136 0.0 1.0 0.0 -0.379132754971413 0.0 0.0 1.0 -0.0609316787591
1.0 0.0 0.0 8.279820899678143 0.0 1.0 0.0 -0.594229288334775 0.0 0.0 1.0 -0.101469633522282
1.0 0.0 0.0 8.384365218727073 0.0 1.0 0.0 -0.720619940461703 0.0 0.0 1.0 -0.127379254857153
1.0 0.0 0.0 8.563653623835485 0.0 1.0 0.0 -0.842756503534136 0.0 0.0 1.0 -0.167970538603184
1.0 0.0 0.0 8.748555855341511 0.0 1.0 0.0 -0.986364445495402 0.0 0.0 1.0 -0.197771129556902
1.0 0.0 0.0 8.805467120005291 0.0 1.0 0.0 -1.027744204939886 0.0 0.0 1.0 -0.202254171493883
1.0 0.0 0.0 8.879806707385839 0.0 1.0 0.0 -1.065312523934893 0.0 0.0 1.0 -0.208408891496808
1.0 0.0 0.0 9.013862032201155 0.0 1.0 0.0 -1.107790778791269 0.0 0.0 1.0 -0.2257463004016
1.0 0.0 0.0 9.0710780402577 0.0 1.0 0.0 -1.136297316794356 0.0 0.0 1.0 -0.229854208515539
1.0 0.0 0.0 9.13231538229473 0.0 1.0 0.0 -1.162505298906793 0.0 0.0 1.0 -0.235645760898948
1.0 0.0 0.0 9.364266708902992 0.0 1.0 0.0 -1.227094176699918 0.0 0.0 1.0 -0.272404032445901
1.0 0.0 0.0 9.423097327269536 0.0 1.0 0.0 -1.233811773852138 0.0 0.0 1.0 -0.282225563435408
1.0 0.0 0.0 10.246990609914285 0.0 1.0 0.0 -0.753661235388278 0.0 0.0 1.0 -0.334784900923963
1.0 0.0 0.0 10.317327672781493 0.0 1.0 0.0 -0.609552107547455 0.0 0.0 1.0 -0.364813498584308
1.0 0.0 0.0 10.364450738524575 0.0 1.0 0.0 -0.513205446745797 0.0 0.0 1.0 -0.375143355611107
1.0 0.0 0.0 10.378469446287072 0.0 1.0 0.0 -0.464941449720193 0.0 0.0 1.0 -0.372084612686631
1.0 0.0 0.0 10.45453970750554 0.0 1.0 0.0 -0.110194083828495 0.0 0.0 1.0 -0.330806367978753
1.0 0.0 0.0 10.459305470200649 0.0 1.0 0.0 -0.057076205731908 0.0 0.0 1.0 -0.340780952611123
1.0 0.0 0.0 10.430643254691553 0.0 1.0 0.0 0.467881818005912 0.0 0.0 1.0 -0.56928146984659
1.0 0.0 0.0 10.41101756245772 0.0 1.0 0.0 0.535131618378206 0.0 0.0 1.0 -0.590020602330866
1.0 0.0 0.0 10.396268722867033 0.0 1.0 0.0 0.593689979872212 0.0 0.0 1.0 -0.606873208801576
1.0 0.0 0.0 10.365265684213231 0.0 1.0 0.0 0.724738662500153 0.0 0.0 1.0 -0.637775812734512
1.0 0.0 0.0 10.349215580620587 0.0 1.0 0.0 0.794912751072245 0.0 0.0 1.0 -0.650870987210312
1.0 0.0 0.0 10.334065320210831 0.0 1.0 0.0 0.855766834894429 0.0 0.0 1.0 -0.660928415553927
1.0 0.0 0.0 10.3181694612289 0.0 1.0 0.0 0.922679448990393 0.0 0.0 1.0 -0.670134383728462
1.0 0.0 0.0 10.293500779742457 0.0 1.0 0.0 0.989275504836632 0.0 0.0 1.0 -0.675095329646204
1.0 0.0 0.0 10.22887753715484 0.0 1.0 0.0 1.264315724601964 0.0 0.0 1.0 -0.682235116925742
1.0 0.0 0.0 10.20342540970314 0.0 1.0 0.0 1.335140354842309 0.0 0.0 1.0 -0.677195083173278
1.0 0.0 0.0 9.6620885933562 0.0 1.0 0.0 2.695725720324357 0.0 0.0 1.0 -0.349661901119728
1.0 0.0 0.0 9.536981733966746 0.0 1.0 0.0 2.945227977876016 0.0 0.0 1.0 -0.264712293720596
1.0 0.0 0.0 9.453813819128445 0.0 1.0 0.0 3.103338338291304 0.0 0.0 1.0 -0.217027050782804
1.0 0.0 0.0 9.365846418466338 0.0 1.0 0.0 3.266443634430713 0.0 0.0 1.0 -0.172961920056645
1.0 0.0 0.0 9.302336062471946 0.0 1.0 0.0 3.339434845875474 0.0 0.0 1.0 -0.148984067673494
1.0 0.0 0.0 9.164942971577407 0.0 1.0 0.0 3.57096475265672 0.0 0.0 1.0 -0.092897426236894
1.0 0.0 0.0 9.068546840957712 0.0 1.0 0.0 3.717250449886942 0.0 0.0 1.0 -0.059889064943192
1.0 0.0 0.0 8.89058206442661 0.0 1.0 0.0 3.913628015753626 0.0 0.0 1.0 -0.007938955863948
1.0 0.0 0.0 8.834246573742506 0.0 1.0 0.0 3.980922951572351 0.0 0.0 1.0 0.013041318926047
1.0 0.0 0.0 8.723000582614489 0.0 1.0 0.0 4.097676329294151 0.0 0.0 1.0 0.055286651086002
1.0 0.0 0.0 8.635157338826016 0.0 1.0 0.0 4.141494240687992 0.0 0.0 1.0 0.083077966323119
1.0 0.0 0.0 8.381832126286485 0.0 1.0 0.0 4.344971946029096 0.0 0.0 1.0 0.16356032854425
1.0 0.0 0.0 8.312784812313538 0.0 1.0 0.0 4.392265134552225 0.0 0.0 1.0 0.178877551886843
1.0 0.0 0.0 8.141769179103495 0.0 1.0 0.0 4.457025908553398 0.0 0.0 1.0 0.202101518763457
1.0 0.0 0.0 8.075625719030624 0.0 1.0 0.0 4.495801898939801 0.0 0.0 1.0 0.203642489336522
1.0 0.0 0.0 7.727478518657339 0.0 1.0 0.0 4.509480978402592 0.0 0.0 1.0 0.212510360052486
1.0 0.0 0.0 7.517155677892546 0.0 1.0 0.0 4.629216306040522 0.0 0.0 1.0 0.160911424673512
1.0 0.0 0.0 7.310557793031973 0.0 1.0 0.0 4.649845865929108 0.0 0.0 1.0 0.120322109862434
1.0 0.0 0.0 7.18833472664379 0.0 1.0 0.0 4.617189365598722 0.0 0.0 1.0 0.113756827685178
1.0 0.0 0.0 6.968302005167526 0.0 1.0 0.0 4.579695736295829 0.0 0.0 1.0 0.070354169818219
1.0 0.0 0.0 6.824571698836119 0.0 1.0 0.0 4.529643355634394 0.0 0.0 1.0 0.050954447714231
1.0 0.0 0.0 6.564549830795966 0.0 1.0 0.0 4.383300573336399 0.0 0.0 1.0 0.046404527378303
1.0 0.0 0.0 6.44858065401375 0.0 1.0 0.0 4.294552800483224 0.0 0.0 1.0 0.044960305046334
1.0 0.0 0.0 6.380956437800324 0.0 1.0 0.0 4.235644366709393 0.0 0.0 1.0 0.04827034087405
1.0 0.0 0.0 6.299197599651344 0.0 1.0 0.0 4.163531379939779 0.0 0.0 1.0 0.053214784460031
1.0 0.0 0.0 6.194259394635145 0.0 1.0 0.0 4.048775515714775 0.0 0.0 1.0 0.037785799371872
1.0 0.0 0.0 5.97875808331576 0.0 1.0 0.0 3.817268640267766 0.0 0.0 1.0 0.010394986982906
1.0 0.0 0.0 5.926828870226752 0.0 1.0 0.0 3.7477219842886 0.0 0.0 1.0 -0.005766735837223
1.0 0.0 0.0 5.877442917776068 0.0 1.0 0.0 3.678899220622625 0.0 0.0 1.0 -0.023023559861568
1.0 0.0 0.0 5.731456755243936 0.0 1.0 0.0 3.509414036383833 0.0 0.0 1.0 -0.04200447304807
1.0 0.0 0.0 5.499947129180562 0.0 1.0 0.0 3.145072174485386 0.0 0.0 1.0 -0.085947235501629
1.0 0.0 0.0 5.42077496469554 0.0 1.0 0.0 2.948786273171774 0.0 0.0 1.0 -0.09282127724756
1.0 0.0 0.0 5.38205036145744 0.0 1.0 0.0 2.820878028276052 0.0 0.0 1.0 -0.086389295392738
1.0 0.0 0.0 5.332973357620868 0.0 1.0 0.0 2.740565237507226 0.0 0.0 1.0 -0.070322946733806
1.0 0.0 0.0 5.309143576480691 0.0 1.0 0.0 2.568836114321288 0.0 0.0 1.0 -0.041836072475338
1.0 0.0 0.0 5.238098833976797 0.0 1.0 0.0 2.373449071528682 0.0 0.0 1.0 0.023881647403527
1.0 0.0 0.0 5.304226310520253 0.0 1.0 0.0 2.190830552175846 0.0 0.0 1.0 0.087403495801181
1.0 0.0 0.0 5.346358315373499 0.0 1.0 0.0 2.010590063651133 0.0 0.0 1.0 0.14188063857979
1.0 0.0 0.0 5.353115641732947 0.0 1.0 0.0 1.965124467757362 0.0 0.0 1.0 0.153827164468013
1.0 0.0 0.0 5.391313614928242 0.0 1.0 0.0 1.844844140634996 0.0 0.0 1.0 0.188682812771688
1.0 0.0 0.0 5.417546118720956 0.0 1.0 0.0 1.767844694046453 0.0 0.0 1.0 0.222356798014167
1.0 0.0 0.0 5.430263338452758 0.0 1.0 0.0 1.732290044230947 0.0 0.0 1.0 0.241496187126359
1.0 0.0 0.0 5.451001256964537 0.0 1.0 0.0 1.660326866900894 0.0 0.0 1.0 0.285906686414888
1.0 0.0 0.0 5.48609077535666 0.0 1.0 0.0 1.554327741800632 0.0 0.0 1.0 0.363641656003512
1.0 0.0 0.0 5.509439674597233 0.0 1.0 0.0 1.484197470275079 0.0 0.0 1.0 0.4146730865872
1.0 0.0 0.0 5.519168854682634 0.0 1.0 0.0 1.448841367681983 0.0 0.0 1.0 0.437980146880244
1.0 0.0 0.0 5.570127251007628 0.0 1.0 0.0 1.303326299840613 0.0 0.0 1.0 0.506775038277045
1.0 0.0 0.0 5.597477806785019 0.0 1.0 0.0 1.223143974545343 0.0 0.0 1.0 0.529576928694321
1.0 0.0 0.0 5.651946076440835 0.0 1.0 0.0 1.095520833191011 0.0 0.0 1.0 0.548993223710107
1.0 0.0 0.0 5.709884142506431 0.0 1.0 0.0 0.957494300731417 0.0 0.0 1.0 0.555412031223735
1.0 0.0 0.0 5.731118186392678 0.0 1.0 0.0 0.909915124706141 0.0 0.0 1.0 0.556152475671171
1.0 0.0 0.0 5.794589687597616 0.0 1.0 0.0 0.815413520591083 0.0 0.0 1.0 0.550839878200586
1.0 0.0 0.0 5.846275879420887 0.0 1.0 0.0 0.721225485986724 0.0 0.0 1.0 0.547168394326637
1.0 0.0 0.0 6.05528137944958 0.0 1.0 0.0 0.44601995100562 0.0 0.0 1.0 0.520652347489057
1.0 0.0 0.0 6.168879178150214 0.0 1.0 0.0 0.318339539820198 0.0 0.0 1.0 0.502164843051553
1.0 0.0 0.0 6.330334974608839 0.0 1.0 0.0 0.199547328615639 0.0 0.0 1.0 0.473255237577366
1.0 0.0 0.0 6.41938508578645 0.0 1.0 0.0 0.126282409456324 0.0 0.0 1.0 0.45466621026786
1.0 0.0 0.0 6.46491603911617 0.0 1.0 0.0 0.092866094069772 0.0 0.0 1.0 0.444533899836067
1.0 0.0 0.0 6.597464339449431 0.0 1.0 0.0 0.025044265805735 0.0 0.0 1.0 0.414796156706235
1.0 0.0 0.0 6.759428032419188 0.0 1.0 0.0 -0.0366899282319 0.0 0.0 1.0 0.377055890048761
1.0 0.0 0.0 6.856855913591861 0.0 1.0 0.0 -0.127510275233741 0.0 0.0 1.0 0.335711791435575
1.0 0.0 0.0 6.924586521960941 0.0 1.0 0.0 -0.158109192868586 0.0 0.0 1.0 0.314154633078664
1.0 0.0 0.0 7.002043348097284 0.0 1.0 0.0 -0.21849172865604 0.0 0.0 1.0 0.278357856754209
1.0 0.0 0.0 7.043233031154414 0.0 1.0 0.0 -0.251841780036716 0.0 0.0 1.0 0.258935753864477
1.0 0.0 0.0 7.123349107077718 0.0 1.0 0.0 -0.317003576267289 0.0 0.0 1.0 0.226831366386141
1.0 0.0 0.0 7.206074173306799 0.0 1.0 0.0 -0.387532824388721 0.0 0.0 1.0 0.2026625088337
1.0 0.0 0.0 7.297324983181046 0.0 1.0 0.0 -0.421594613204965 0.0 0.0 1.0 0.183098441189832
1.0 0.0 0.0 7.340172338002665 0.0 1.0 0.0 -0.45829653413682 0.0 0.0 1.0 0.173281844078
1.0 0.0 0.0 7.469157346487518 0.0 1.0 0.0 -0.57042327673486 0.0 0.0 1.0 0.12988304349973
1.0 0.0 0.0 7.652618175729012 0.0 1.0 0.0 -0.724230562538529 0.0 0.0 1.0 0.045678557993851
1.0 0.0 0.0 7.743683374319088 0.0 1.0 0.0 -0.768325336776436 0.0 0.0 1.0 0.020090330746984
1.0 0.0 0.0 7.917335820588417 0.0 1.0 0.0 -0.927950630700843 0.0 0.0 1.0 -0.020156478824101
1.0 0.0 0.0 7.962977357537065 0.0 1.0 0.0 -0.967642730945641 0.0 0.0 1.0 -0.024749227947071
1.0 0.0 0.0 8.232236610395745 0.0 1.0 0.0 -1.17219302428639 0.0 0.0 1.0 -0.026266920633514
1.0 0.0 0.0 8.393530290994985 0.0 1.0 0.0 -1.326894259630893 0.0 0.0 1.0 0.011257399334268
1.0 0.0 0.0 8.434931371362312 0.0 1.0 0.0 -1.365444078942684 0.0 0.0 1.0 0.024539090468044
1.0 0.0 0.0 8.544169436232616 0.0 1.0 0.0 -1.447706104617645 0.0 0.0 1.0 0.051406353144696
1.0 0.0 0.0 8.609199472924606 0.0 1.0 0.0 -1.52296897537448 0.0 0.0 1.0 0.087790274632237
1.0 0.0 0.0 8.6814432945252 0.0 1.0 0.0 -1.597859698931188 0.0 0.0 1.0 0.115440177288009
1.0 0.0 0.0 8.741620717097968 0.0 1.0 0.0 -1.669191049727166 0.0 0.0 1.0 0.137902498941474
1.0 0.0 0.0 8.856250973827008 0.0 1.0 0.0 -1.782723133221781 0.0 0.0 1.0 0.156902334101273
1.0 0.0 0.0 8.907371069137882 0.0 1.0 0.0 -1.850703779059411 0.0 0.0 1.0 0.163885559542581
1.0 0.0 0.0 8.933244034015269 0.0 1.0 0.0 -1.885450197652729 0.0 0.0 1.0 0.164591263706099
1.0 0.0 0.0 9.00922634224849 0.0 1.0 0.0 -1.960924401453432 0.0 0.0 1.0 0.158837880682954
1.0 0.0 0.0 9.089530203219963 0.0 1.0 0.0 -2.099692034122717 0.0 0.0 1.0 0.142157060234178
1.0 0.0 0.0 9.128735646034764 0.0 1.0 0.0 -2.167680692413802 0.0 0.0 1.0 0.12909647985115
1.0 0.0 0.0 9.196040899391951 0.0 1.0 0.0 -2.276981654687456 0.0 0.0 1.0 0.116734741538143
1.0 0.0 0.0 9.234103701342026 0.0 1.0 0.0 -2.375178076731654 0.0 0.0 1.0 0.125830462850668
1.0 0.0 0.0 9.274102015847136 0.0 1.0 0.0 -2.440854549822208 0.0 0.0 1.0 0.137765465849096
1.0 0.0 0.0 9.312904856112052 0.0 1.0 0.0 -2.539749600119499 0.0 0.0 1.0 0.184744266542923
1.0 0.0 0.0 9.344824354348372 0.0 1.0 0.0 -2.581842140097144 0.0 0.0 1.0 0.218957473255704
1.0 0.0 0.0 9.354830066802943 0.0 1.0 0.0 -2.597277000175291 0.0 0.0 1.0 0.239328410177445
1.0 0.0 0.0 9.376396933472344 0.0 1.0 0.0 -2.620294535795454 0.0 0.0 1.0 0.28474028167641
1.0 0.0 0.0 9.386902206986871 0.0 1.0 0.0 -2.627000697226284 0.0 0.0 1.0 0.307843379010476
1.0 0.0 0.0 9.404709636735985 0.0 1.0 0.0 -2.633702746623413 0.0 0.0 1.0 0.331302092674928
1.0 0.0 0.0 9.428824144009967 0.0 1.0 0.0 -2.637345510033356 0.0 0.0 1.0 0.374552564886785
1.0 0.0 0.0 9.441836652984195 0.0 1.0 0.0 -2.635632049956935 0.0 0.0 1.0 0.392156133314298
1.0 0.0 0.0 9.46786946109392 0.0 1.0 0.0 -2.626674215956849 0.0 0.0 1.0 0.424162639564231
1.0 0.0 0.0 9.524595232209686 0.0 1.0 0.0 -2.601748796248155 0.0 0.0 1.0 0.459741251445797
1.0 0.0 0.0 9.541541732872595 0.0 1.0 0.0 -2.589490243486922 0.0 0.0 1.0 0.469905790078221
1.0 0.0 0.0 9.571394288837118 0.0 1.0 0.0 -2.579167515312531 0.0 0.0 1.0 0.479451813400007
1.0 0.0 0.0 9.609770302808622 0.0 1.0 0.0 -2.550483749854602 0.0 0.0 1.0 0.504301987349618
1.0 0.0 0.0 9.631198515544522 0.0 1.0 0.0 -2.534410223568733 0.0 0.0 1.0 0.519775060847577
1.0 0.0 0.0 9.65296645806663 0.0 1.0 0.0 -2.51756792138488 0.0 0.0 1.0 0.537401927786057
1.0 0.0 0.0 9.744226488246113 0.0 1.0 0.0 -2.471140398695587 0.0 0.0 1.0 0.596547185543504
1.0 0.0 0.0 9.770834505304894 0.0 1.0 0.0 -2.454314536972696 0.0 0.0 1.0 0.614575371810322
1.0 0.0 0.0 9.845613067848442 0.0 1.0 0.0 -2.424043589331611 0.0 0.0 1.0 0.638022942807642
1.0 0.0 0.0 9.872956012204318 0.0 1.0 0.0 -2.407838376703974 0.0 0.0 1.0 0.645375129478492
1.0 0.0 0.0 9.95910322253322 0.0 1.0 0.0 -2.379653364128817 0.0 0.0 1.0 0.655748329148963
1.0 0.0 0.0 10.057182557969513 0.0 1.0 0.0 -2.32378173956556 0.0 0.0 1.0 0.685964326845087
1.0 0.0 0.0 10.089497316822102 0.0 1.0 0.0 -2.304284308640971 0.0 0.0 1.0 0.699403863748999
1.0 0.0 0.0 10.184238999984839 0.0 1.0 0.0 -2.268173590134972 0.0 0.0 1.0 0.729029689899365
1.0 0.0 0.0 10.219339934848215 0.0 1.0 0.0 -2.245391280899832 0.0 0.0 1.0 0.746532660660452
1.0 0.0 0.0 10.287609447266403 0.0 1.0 0.0 -2.196509806370217 0.0 0.0 1.0 0.778398089947709
1.0 0.0 0.0 10.34776031670238 0.0 1.0 0.0 -2.176512778508142 0.0 0.0 1.0 0.786821973930502
1.0 0.0 0.0 10.416855158671524 0.0 1.0 0.0 -2.122006794454047 0.0 0.0 1.0 0.794070074948847
1.0 0.0 0.0 10.577274800834582 0.0 1.0 0.0 -2.010792293431514 0.0 0.0 1.0 0.788267438105632
1.0 0.0 0.0 10.612145494608031 0.0 1.0 0.0 -1.977866123372346 0.0 0.0 1.0 0.790037744571894
1.0 0.0 0.0 10.702524415509373 0.0 1.0 0.0 -1.915044871316005 0.0 0.0 1.0 0.7970370616661
1.0 0.0 0.0 10.736283867528833 0.0 1.0 0.0 -1.881690116797331 0.0 0.0 1.0 0.802784289476423
1.0 0.0 0.0 10.767071054352478 0.0 1.0 0.0 -1.847969735401689 0.0 0.0 1.0 0.81101910819311
1.0 0.0 0.0 10.960551284895928 0.0 1.0 0.0 -1.664238261229251 0.0 0.0 1.0 0.867439454188805
1.0 0.0 0.0 11.021410799650258 0.0 1.0 0.0 -1.626386927260631 0.0 0.0 1.0 0.87625439216966
1.0 0.0 0.0 11.08875759383329 0.0 1.0 0.0 -1.543546358400744 0.0 0.0 1.0 0.891211510078797
1.0 0.0 0.0 11.122681173360865 0.0 1.0 0.0 -1.504485683297839 0.0 0.0 1.0 0.895960089020191
1.0 0.0 0.0 11.218362845106268 0.0 1.0 0.0 -1.423372821364299 0.0 0.0 1.0 0.899872120416345
1.0 0.0 0.0 11.319738378209813 0.0 1.0 0.0 -1.292936977152884 0.0 0.0 1.0 0.898330347423038
1.0 0.0 0.0 11.414538136900333 0.0 1.0 0.0 -1.20544177178183 0.0 0.0 1.0 0.889910005796729
1.0 0.0 0.0 11.584938649062122 0.0 1.0 0.0 -0.990465328402513 0.0 0.0 1.0 0.889535100983294
1.0 0.0 0.0 11.706657878941037 0.0 1.0 0.0 -0.812222055522794 0.0 0.0 1.0 0.918131119879082
1.0 0.0 0.0 11.7517060417334 0.0 1.0 0.0 -0.720109346283844 0.0 0.0 1.0 0.936656837635755
1.0 0.0 0.0 11.771989750658868 0.0 1.0 0.0 -0.671882894060349 0.0 0.0 1.0 0.944665118443469
1.0 0.0 0.0 11.806694620963082 0.0 1.0 0.0 -0.628434195453388 0.0 0.0 1.0 0.949454645651911
1.0 0.0 0.0 11.85429445804211 0.0 1.0 0.0 -0.47779375407894 0.0 0.0 1.0 0.959638629962119
1.0 0.0 0.0 11.866364340263857 0.0 1.0 0.0 -0.423674354258185 0.0 0.0 1.0 0.959538596635708
1.0 0.0 0.0 11.882251301649271 0.0 1.0 0.0 -0.366793353083862 0.0 0.0 1.0 0.958907337349434
1.0 0.0 0.0 11.890747434738225 0.0 1.0 0.0 -0.1264095054414 0.0 0.0 1.0 0.948112642555567
1.0 0.0 0.0 11.753175470268935 0.0 1.0 0.0 0.373741102890664 0.0 0.0 1.0 0.884418247051352
1.0 0.0 0.0 11.627907150041388 0.0 1.0 0.0 0.605017727992408 0.0 0.0 1.0 0.841949847299095
1.0 0.0 0.0 11.322331552749146 0.0 1.0 0.0 1.080357035343425 0.0 0.0 1.0 0.784923096396009
1.0 0.0 0.0 11.21897596103956 0.0 1.0 0.0 1.239747736376585 0.0 0.0 1.0 0.779909901221154
1.0 0.0 0.0 11.00884636918139 0.0 1.0 0.0 1.469684939973456 0.0 0.0 1.0 0.789593961686738
1.0 0.0 0.0 9.504273619055809 0.0 1.0 0.0 2.830064559435721 0.0 0.0 1.0 1.169012702547233
1.0 0.0 0.0 9.399041683324803 0.0 1.0 0.0 2.893688645454562 0.0 0.0 1.0 1.192748109726489
1.0 0.0 0.0 8.964427152729575 0.0 1.0 0.0 3.134735390741267 0.0 0.0 1.0 1.242742297406242
1.0 0.0 0.0 8.87440094658706 0.0 1.0 0.0 3.202901158355271 0.0 0.0 1.0 1.243208631903267
1.0 0.0 0.0 8.233523175900322 0.0 1.0 0.0 3.259327297290202 0.0 0.0 1.0 1.233352165680493
1.0 0.0 0.0 7.749148336718435 0.0 1.0 0.0 3.628689168573923 0.0 0.0 1.0 1.192859945034859
1.0 0.0 0.0 7.63119411858009 0.0 1.0 0.0 3.674052188757733 0.0 0.0 1.0 1.191826578665425
1.0 0.0 0.0 7.319101537184842 0.0 1.0 0.0 3.709877198632882 0.0 0.0 1.0 1.19821705620185
1.0 0.0 0.0 7.204198661522731 0.0 1.0 0.0 3.743358050500181 0.0 0.0 1.0 1.201486358482689
1.0 0.0 0.0 6.895110765255564 0.0 1.0 0.0 3.758402922975508 0.0 0.0 1.0 1.212210206061128
1.0 0.0 0.0 6.660736012252686 0.0 1.0 0.0 3.80691876407663 0.0 0.0 1.0 1.215384763544529
1.0 0.0 0.0 6.548155935094978 0.0 1.0 0.0 3.83157338925472 0.0 0.0 1.0 1.213937382779184
1.0 0.0 0.0 4.831003679771841 0.0 1.0 0.0 3.58954322823089 0.0 0.0 1.0 0.892607957546817
1.0 0.0 0.0 4.741447266625968 0.0 1.0 0.0 3.572212514298464 0.0 0.0 1.0 0.830253718035308
1.0 0.0 0.0 4.528553611428897 0.0 1.0 0.0 3.444153596115744 0.0 0.0 1.0 0.793529083393405
1.0 0.0 0.0 4.396508826589205 0.0 1.0 0.0 3.361413474357514 0.0 0.0 1.0 0.755415460729575
1.0 0.0 0.0 4.264115061770903 0.0 1.0 0.0 3.271406864332526 0.0 0.0 1.0 0.724245047497562
1.0 0.0 0.0 4.139572525414467 0.0 1.0 0.0 3.17771390501512 0.0 0.0 1.0 0.702799906637721
1.0 0.0 0.0 3.922606659498038 0.0 1.0 0.0 2.99711152196602 0.0 0.0 1.0 0.692544491612238
1.0 0.0 0.0 3.82632116564515 0.0 1.0 0.0 2.903001813005857 0.0 0.0 1.0 0.687635197313997
1.0 0.0 0.0 3.782093808426325 0.0 1.0 0.0 2.855464055932217 0.0 0.0 1.0 0.687362697480975
1.0 0.0 0.0 3.689098066517716 0.0 1.0 0.0 2.770124338601637 0.0 0.0 1.0 0.700334241756331
1.0 0.0 0.0 3.546255719513177 0.0 1.0 0.0 2.583065810704296 0.0 0.0 1.0 0.71388369097295
1.0 0.0 0.0 3.5176956721707 0.0 1.0 0.0 2.537762109392524 0.0 0.0 1.0 0.714306300956815
1.0 0.0 0.0 3.437064067934238 0.0 1.0 0.0 2.428180181324757 0.0 0.0 1.0 0.718876670813233
1.0 0.0 0.0 3.419583919308433 0.0 1.0 0.0 2.388191835803205 0.0 0.0 1.0 0.715315165655487
1.0 0.0 0.0 3.391874257028674 0.0 1.0 0.0 2.308470264083459 0.0 0.0 1.0 0.705405869614341
1.0 0.0 0.0 3.37399537704908 0.0 1.0 0.0 2.232636879280724 0.0 0.0 1.0 0.69484301704244
1.0 0.0 0.0 3.374535041683682 0.0 1.0 0.0 2.16421585973204 0.0 0.0 1.0 0.688867937609359
1.0 0.0 0.0 3.374617637451949 0.0 1.0 0.0 2.12855644125624 0.0 0.0 1.0 0.690438622585084
1.0 0.0 0.0 3.40220721073369 0.0 1.0 0.0 2.074117953865138 0.0 0.0 1.0 0.694773965367403
1.0 0.0 0.0 3.54562187335984 0.0 1.0 0.0 1.955363647112991 0.0 0.0 1.0 0.727234594253934
1.0 0.0 0.0 3.575934884993762 0.0 1.0 0.0 1.943287514232182 0.0 0.0 1.0 0.729507641105974
1.0 0.0 0.0 3.657464242664796 0.0 1.0 0.0 1.934976892850818 0.0 0.0 1.0 0.728186232406957
1.0 0.0 0.0 3.689278661654284 0.0 1.0 0.0 1.9279962531867 0.0 0.0 1.0 0.730879065798056
1.0 0.0 0.0 3.787509051685969 0.0 1.0 0.0 1.919400962805019 0.0 0.0 1.0 0.748166896546253
1.0 0.0 0.0 3.819364896492462 0.0 1.0 0.0 1.918513946631322 0.0 0.0 1.0 0.757542194495469
1.0 0.0 0.0 3.877841403506438 0.0 1.0 0.0 1.927798676889631 0.0 0.0 1.0 0.761317734092576
1.0 0.0 0.0 3.970090402359148 0.0 1.0 0.0 1.9348029141293 0.0 0.0 1.0 0.783836202689028
1.0 0.0 0.0 4.030559511113096 0.0 1.0 0.0 1.938196186484129 0.0 0.0 1.0 0.791420583570576
1.0 0.0 0.0 4.091311554909137 0.0 1.0 0.0 1.943573353636498 0.0 0.0 1.0 0.794248618840667
1.0 0.0 0.0 4.141825849734708 0.0 1.0 0.0 1.956164160069471 0.0 0.0 1.0 0.790576521731039
1.0 0.0 0.0 4.195179485550147 0.0 1.0 0.0 1.95869135989605 0.0 0.0 1.0 0.789205757648012
1.0 0.0 0.0 4.246603673321616 0.0 1.0 0.0 1.961645406054496 0.0 0.0 1.0 0.78479204006469
1.0 0.0 0.0 4.294439936953316 0.0 1.0 0.0 1.963552030279626 0.0 0.0 1.0 0.776543341904873
1.0 0.0 0.0 4.418244548218332 0.0 1.0 0.0 1.971906867436282 0.0 0.0 1.0 0.73674270501111
1.0 0.0 0.0 4.469817254591237 0.0 1.0 0.0 1.976480038061322 0.0 0.0 1.0 0.713717356024608
1.0 0.0 0.0 4.50184478096526 0.0 1.0 0.0 1.972078628833713 0.0 0.0 1.0 0.689967325594118
1.0 0.0 0.0 4.54762566872031 0.0 1.0 0.0 1.964122434703847 0.0 0.0 1.0 0.655334932231678
1.0 0.0 0.0 4.574565032065341 0.0 1.0 0.0 1.956826082088285 0.0 0.0 1.0 0.640868233454958
1.0 0.0 0.0 4.607250967858987 0.0 1.0 0.0 1.951962183321627 0.0 0.0 1.0 0.633571807469807
1.0 0.0 0.0 4.618663515452907 0.0 1.0 0.0 1.946132928424238 0.0 0.0 1.0 0.634295175436709
1.0 0.0 0.0 4.64005472954779 0.0 1.0 0.0 1.934635119794267 0.0 0.0 1.0 0.640570197813446
1.0 0.0 0.0 4.654093860318939 0.0 1.0 0.0 1.929689000107905 0.0 0.0 1.0 0.645977017306431
1.0 0.0 0.0 4.661805511056095 0.0 1.0 0.0 1.922420409514545 0.0 0.0 1.0 0.653723517381036
1.0 0.0 0.0 4.683935851505855 0.0 1.0 0.0 1.908863302593045 0.0 0.0 1.0 0.672859527225791
1.0 0.0 0.0 4.701597157148693 0.0 1.0 0.0 1.892587441103946 0.0 0.0 1.0 0.692488857365163
1.0 0.0 0.0 4.72732459116131 0.0 1.0 0.0 1.867987397103066 0.0 0.0 1.0 0.70922860558572
1.0 0.0 0.0 4.734578588098795 0.0 1.0 0.0 1.859025957055943 0.0 0.0 1.0 0.711992134167701
1.0 0.0 0.0 4.763073785850162 0.0 1.0 0.0 1.826093801062956 0.0 0.0 1.0 0.708596837004375
1.0 0.0 0.0 4.773894533079172 0.0 1.0 0.0 1.811105674054035 0.0 0.0 1.0 0.70023808177966
1.0 0.0 0.0 4.778155362394315 0.0 1.0 0.0 1.803518514381874 0.0 0.0 1.0 0.695623822436716
1.0 0.0 0.0 4.784813446713514 0.0 1.0 0.0 1.789309810580876 0.0 0.0 1.0 0.690627249017087
1.0 0.0 0.0 4.788280388280677 0.0 1.0 0.0 1.775232896423421 0.0 0.0 1.0 0.692913987781132
1.0 0.0 0.0 4.78979997725062 0.0 1.0 0.0 1.754464052915147 0.0 0.0 1.0 0.694932078505992
1.0 0.0 0.0 4.786725522732476 0.0 1.0 0.0 1.747130539836236 0.0 0.0 1.0 0.692758454094618
1.0 0.0 0.0 4.784904204758588 0.0 1.0 0.0 1.732361444612587 0.0 0.0 1.0 0.682140690560848
1.0 0.0 0.0 4.777029963535502 0.0 1.0 0.0 1.708311466863439 0.0 0.0 1.0 0.661323581474434
1.0 0.0 0.0 4.773337399436405 0.0 1.0 0.0 1.703522386697223 0.0 0.0 1.0 0.655096796427512
1.0 0.0 0.0 4.763099225588976 0.0 1.0 0.0 1.681244224846952 0.0 0.0 1.0 0.649860585090696
1.0 0.0 0.0 4.752248892481554 0.0 1.0 0.0 1.653449166253401 0.0 0.0 1.0 0.654907342919435
1.0 0.0 0.0 4.748837009962024 0.0 1.0 0.0 1.644312945397197 0.0 0.0 1.0 0.660151549628792
1.0 0.0 0.0 4.745885866331369 0.0 1.0 0.0 1.634595143242578 0.0 0.0 1.0 0.666966005810664
1.0 0.0 0.0 4.735700695117835 0.0 1.0 0.0 1.622616085690794 0.0 0.0 1.0 0.677130360199125
1.0 0.0 0.0 4.728913510517159 0.0 1.0 0.0 1.593526004647679 0.0 0.0 1.0 0.704775378711
1.0 0.0 0.0 4.724671664501337 0.0 1.0 0.0 1.573791165156564 0.0 0.0 1.0 0.716510067125392
1.0 0.0 0.0 4.723250025193141 0.0 1.0 0.0 1.563730464500899 0.0 0.0 1.0 0.719957273711308
1.0 0.0 0.0 4.717124904992857 0.0 1.0 0.0 1.55150593268208 0.0 0.0 1.0 0.722987539262659
1.0 0.0 0.0 4.713035205052338 0.0 1.0 0.0 1.507870192057922 0.0 0.0 1.0 0.735030479729922
1.0 0.0 0.0 4.712772708157814 0.0 1.0 0.0 1.495411478820305 0.0 0.0 1.0 0.741697547238778
1.0 0.0 0.0 4.712542375661156 0.0 1.0 0.0 1.4830120760441 0.0 0.0 1.0 0.748915976015167
1.0 0.0 0.0 4.707985951039603 0.0 1.0 0.0 1.455858479579926 0.0 0.0 1.0 0.760320068116938
1.0 0.0 0.0 4.708282898052298 0.0 1.0 0.0 1.442600654704152 0.0 0.0 1.0 0.76317714247376
1.0 0.0 0.0 4.710386474760359 0.0 1.0 0.0 1.399564291112201 0.0 0.0 1.0 0.76113094012928
1.0 0.0 0.0 4.714021081837684 0.0 1.0 0.0 1.368277334395049 0.0 0.0 1.0 0.752649182370117
1.0 0.0 0.0 4.715741605298302 0.0 1.0 0.0 1.336814708424233 0.0 0.0 1.0 0.739874045223508
1.0 0.0 0.0 4.723546590885515 0.0 1.0 0.0 1.292656684337656 0.0 0.0 1.0 0.725149385378008
1.0 0.0 0.0 4.730639007319279 0.0 1.0 0.0 1.26325499334655 0.0 0.0 1.0 0.726324889848735
1.0 0.0 0.0 4.739199820164854 0.0 1.0 0.0 1.237102605175113 0.0 0.0 1.0 0.736525086066195
1.0 0.0 0.0 4.747769778845601 0.0 1.0 0.0 1.225551291286177 0.0 0.0 1.0 0.745207671643792
1.0 0.0 0.0 4.759361184857079 0.0 1.0 0.0 1.190749967082312 0.0 0.0 1.0 0.783171851607977
1.0 0.0 0.0 4.763494912602065 0.0 1.0 0.0 1.179465370688109 0.0 0.0 1.0 0.799065504363631
1.0 0.0 0.0 4.766264692245342 0.0 1.0 0.0 1.168647690089358 0.0 0.0 1.0 0.814077177407032
1.0 0.0 0.0 4.781287994665641 0.0 1.0 0.0 1.137901070660797 0.0 0.0 1.0 0.853627369776538
1.0 0.0 0.0 4.786041333495327 0.0 1.0 0.0 1.127548209969875 0.0 0.0 1.0 0.863061962247597
1.0 0.0 0.0 4.792478741191201 0.0 1.0 0.0 1.117512914448467 0.0 0.0 1.0 0.870462673348362
1.0 0.0 0.0 4.802267804090152 0.0 1.0 0.0 1.098382244868234 0.0 0.0 1.0 0.879926789400952
1.0 0.0 0.0 4.813365185400787 0.0 1.0 0.0 1.079115553182956 0.0 0.0 1.0 0.884082799661012
1.0 0.0 0.0 4.824934037466594 0.0 1.0 0.0 1.059231612982318 0.0 0.0 1.0 0.883546836070086
1.0 0.0 0.0 4.833844029920074 0.0 1.0 0.0 1.050153232544828 0.0 0.0 1.0 0.881252501742044
1.0 0.0 0.0 4.839756545427121 0.0 1.0 0.0 1.039906038995581 0.0 0.0 1.0 0.877932474542392
1.0 0.0 0.0 4.85443945950834 0.0 1.0 0.0 1.007340351426689 0.0 0.0 1.0 0.858764460672747
1.0 0.0 0.0 4.857759306893499 0.0 1.0 0.0 0.995010886720496 0.0 0.0 1.0 0.849132306430463
1.0 0.0 0.0 4.861073822716016 0.0 1.0 0.0 0.982703925432974 0.0 0.0 1.0 0.839875751739902
1.0 0.0 0.0 4.865299680891155 0.0 1.0 0.0 0.956473035573834 0.0 0.0 1.0 0.825066269248643
1.0 0.0 0.0 4.865357750605601 0.0 1.0 0.0 0.929746420448064 0.0 0.0 1.0 0.817823211244867
1.0 0.0 0.0 4.863281177008807 0.0 1.0 0.0 0.902251888799286 0.0 0.0 1.0 0.817370128290252
1.0 0.0 0.0 4.849489495769497 0.0 1.0 0.0 0.876378933796272 0.0 0.0 1.0 0.824295334352238
1.0 0.0 0.0 4.837425728864401 0.0 1.0 0.0 0.856025071334366 0.0 0.0 1.0 0.836776984614067
1.0 0.0 0.0 4.821730582214307 0.0 1.0 0.0 0.843064441431096 0.0 0.0 1.0 0.855329632394349
1.0 0.0 0.0 4.798943751842494 0.0 1.0 0.0 0.838348159566931 0.0 0.0 1.0 0.878151012501057
1.0 0.0 0.0 4.719367448178175 0.0 1.0 0.0 0.8561483396872 0.0 0.0 1.0 0.905102587126487
1.0 0.0 0.0 3.574388974960173 0.0 1.0 0.0 2.013703931280717 0.0 0.0 1.0 0.53681050896211
1.0 0.0 0.0 3.352420881462207 0.0 1.0 0.0 2.318221032766171 0.0 0.0 1.0 0.437330234692645
1.0 0.0 0.0 3.295791346038181 0.0 1.0 0.0 2.395066655181657 0.0 0.0 1.0 0.411099830468245
1.0 0.0 0.0 2.983502264952419 0.0 1.0 0.0 2.851958926641466 0.0 0.0 1.0 0.279060785023639
1.0 0.0 0.0 2.853572188817544 0.0 1.0 0.0 3.090784164271016 0.0 0.0 1.0 0.237024089881789
1.0 0.0 0.0 2.807185915307394 0.0 1.0 0.0 3.169831945797667 0.0 0.0 1.0 0.22784050866903
1.0 0.0 0.0 2.306258727799702 0.0 1.0 0.0 4.103528521228134 0.0 0.0 1.0 0.250770587437033
1.0 0.0 0.0 2.203954743532036 0.0 1.0 0.0 4.325361797157949 0.0 0.0 1.0 0.281247643452521
1.0 0.0 0.0 2.143711923929295 0.0 1.0 0.0 4.497700242541188 0.0 0.0 1.0 0.299013487614214
1.0 0.0 0.0 2.031263710402133 0.0 1.0 0.0 4.698254297177136 0.0 0.0 1.0 0.340914025518736
1.0 0.0 0.0 1.953418312092289 0.0 1.0 0.0 4.83471004628895 0.0 0.0 1.0 0.371461802920432
1.0 0.0 0.0 1.894782012079346 0.0 1.0 0.0 5.015497815005009 0.0 0.0 1.0 0.385165760365646
1.0 0.0 0.0 1.782224280667006 0.0 1.0 0.0 5.210569474112719 0.0 0.0 1.0 0.408032406794203
1.0 0.0 0.0 1.660947021630771 0.0 1.0 0.0 5.408059178235883 0.0 0.0 1.0 0.422016300455449
1.0 0.0 0.0 1.641134455122274 0.0 1.0 0.0 5.520824011489938 0.0 0.0 1.0 0.413555275377462
1.0 0.0 0.0 1.479494401938807 0.0 1.0 0.0 5.774877946025267 0.0 0.0 1.0 0.410307504449436
1.0 0.0 0.0 1.404184004632604 0.0 1.0 0.0 5.938778259615753 0.0 0.0 1.0 0.39275283800042
1.0 0.0 0.0 1.227563421099615 0.0 1.0 0.0 6.168349712967051 0.0 0.0 1.0 0.363545465970959
1.0 0.0 0.0 1.131478435860355 0.0 1.0 0.0 6.278224642609774 0.0 0.0 1.0 0.35581807584091
1.0 0.0 0.0 1.041632490931907 0.0 1.0 0.0 6.425027310950195 0.0 0.0 1.0 0.347470165952344
1.0 0.0 0.0 0.946288782112835 0.0 1.0 0.0 6.524702242156755 0.0 0.0 1.0 0.352001865364716
1.0 0.0 0.0 0.794037263770041 0.0 1.0 0.0 6.656513145897718 0.0 0.0 1.0 0.37065110369405
1.0 0.0 0.0 0.64618050025096 0.0 1.0 0.0 6.797683030904149 0.0 0.0 1.0 0.39492579405143
1.0 0.0 0.0 0.489970850822101 0.0 1.0 0.0 6.880341268061351 0.0 0.0 1.0 0.4371515365451
1.0 0.0 0.0 0.278966581025495 0.0 1.0 0.0 6.95086852084114 0.0 0.0 1.0 0.498608536971797
1.0 0.0 0.0 0.167388429209275 0.0 1.0 0.0 6.960828571444266 0.0 0.0 1.0 0.522142444784123
1.0 0.0 0.0 0.113124480882433 0.0 1.0 0.0 6.95514577391302 0.0 0.0 1.0 0.531458377679083
1.0 0.0 0.0 -0.16068143156625 0.0 1.0 0.0 6.892037307991224 0.0 0.0 1.0 0.556533230645811
1.0 0.0 0.0 -0.359848148431065 0.0 1.0 0.0 6.760813732375861 0.0 0.0 1.0 0.568460373758065
1.0 0.0 0.0 -0.449545436365149 0.0 1.0 0.0 6.685339070600633 0.0 0.0 1.0 0.58098485980605
1.0 0.0 0.0 -0.561675217032934 0.0 1.0 0.0 6.514464544010575 0.0 0.0 1.0 0.615653586578647
1.0 0.0 0.0 -0.660179192162659 0.0 1.0 0.0 6.366878258321676 0.0 0.0 1.0 0.657927123929125
1.0 0.0 0.0 -0.68707432260358 0.0 1.0 0.0 6.310452111670796 0.0 0.0 1.0 0.67475774509888
1.0 0.0 0.0 -0.803496654041101 0.0 1.0 0.0 5.98258479450022 0.0 0.0 1.0 0.762714819250585
1.0 0.0 0.0 -0.85525314114922 0.0 1.0 0.0 5.812167647795488 0.0 0.0 1.0 0.792877644292671
1.0 0.0 0.0 -0.882886623225121 0.0 1.0 0.0 5.589661742718374 0.0 0.0 1.0 0.815907533035624
1.0 0.0 0.0 -0.896621348665754 0.0 1.0 0.0 5.42304535847549 0.0 0.0 1.0 0.823380480384885
1.0 0.0 0.0 -0.89528229296891 0.0 1.0 0.0 5.368242753940703 0.0 0.0 1.0 0.824431055802634
1.0 0.0 0.0 -0.873292110022284 0.0 1.0 0.0 5.203727008203743 0.0 0.0 1.0 0.835666506543507
1.0 0.0 0.0 -0.803611244078186 0.0 1.0 0.0 4.983893253901486 0.0 0.0 1.0 0.864157388940718
1.0 0.0 0.0 -0.778940369927015 0.0 1.0 0.0 4.930737065408914 0.0 0.0 1.0 0.872658997509216
1.0 0.0 0.0 -0.707833453943382 0.0 1.0 0.0 4.771864240693551 0.0 0.0 1.0 0.89273402549232
1.0 0.0 0.0 -0.636123916795082 0.0 1.0 0.0 4.677695768875728 0.0 0.0 1.0 0.896681096525159
1.0 0.0 0.0 -0.587122533584206 0.0 1.0 0.0 4.570143593908327 0.0 0.0 1.0 0.903551503214741
1.0 0.0 0.0 -0.50303924338986 0.0 1.0 0.0 4.519582760138683 0.0 0.0 1.0 0.890569886856565
1.0 0.0 0.0 -0.397709828922095 0.0 1.0 0.0 4.377284462695229 0.0 0.0 1.0 0.884912680399585
1.0 0.0 0.0 -0.231810961141075 0.0 1.0 0.0 4.280739108047478 0.0 0.0 1.0 0.855792310252674
1.0 0.0 0.0 -0.169129492067115 0.0 1.0 0.0 4.235110080444219 0.0 0.0 1.0 0.849303061313295
1.0 0.0 0.0 -0.033729702349907 0.0 1.0 0.0 4.073949531716268 0.0 0.0 1.0 0.853016890600277
1.0 0.0 0.0 0.187929314829192 0.0 1.0 0.0 4.012950226202867 0.0 0.0 1.0 0.84037961704506
1.0 0.0 0.0 1.347216305130112 0.0 1.0 0.0 3.366586752909581 0.0 0.0 1.0 0.810367577267989
1.0 0.0 0.0 1.441666226394428 0.0 1.0 0.0 3.321393022055083 0.0 0.0 1.0 0.808949231060021
1.0 0.0 0.0 1.725901249878594 0.0 1.0 0.0 3.111032609567423 0.0 0.0 1.0 0.809273001921166
1.0 0.0 0.0 1.922687431997725 0.0 1.0 0.0 2.995883247855261 0.0 0.0 1.0 0.783685211994283
1.0 0.0 0.0 2.123157713867014 0.0 1.0 0.0 2.884341055221741 0.0 0.0 1.0 0.745429013022562
1.0 0.0 0.0 2.416397442402222 0.0 1.0 0.0 2.701401513256141 0.0 0.0 1.0 0.693253346137607
1.0 0.0 0.0 2.614329807286616 0.0 1.0 0.0 2.565172674391076 0.0 0.0 1.0 0.667090765558107
1.0 0.0 0.0 2.830730237320911 0.0 1.0 0.0 2.444408583691172 0.0 0.0 1.0 0.642408280289921
1.0 0.0 0.0 3.022893833694166 0.0 1.0 0.0 2.299689701258194 0.0 0.0 1.0 0.63199154755607
1.0 0.0 0.0 3.358395725757328 0.0 1.0 0.0 2.112397970480373 0.0 0.0 1.0 0.614380836397528
1.0 0.0 0.0 3.843573633275732 0.0 1.0 0.0 1.652511550863026 0.0 0.0 1.0 0.660563476412721
1.0 0.0 0.0 3.922064115560731 0.0 1.0 0.0 1.576858999776571 0.0 0.0 1.0 0.673918897992288
1.0 0.0 0.0 4.252725684098528 0.0 1.0 0.0 1.301646883478354 0.0 0.0 1.0 0.732850522167337
1.0 0.0 0.0 4.389502267677856 0.0 1.0 0.0 1.155883530867419 0.0 0.0 1.0 0.778362699877623
1.0 0.0 0.0 4.606017851896135 0.0 1.0 0.0 0.952215131422057 0.0 0.0 1.0 0.849777116487738
1.0 0.0 0.0 4.979108145771393 0.0 1.0 0.0 0.576181391201249 0.0 0.0 1.0 0.961768084691061
1.0 0.0 0.0 5.180395476422373 0.0 1.0 0.0 0.349733755860649 0.0 0.0 1.0 1.011123910456578
1.0 0.0 0.0 5.35683139153535 0.0 1.0 0.0 0.197127983936338 0.0 0.0 1.0 1.02849906360762
1.0 0.0 0.0 5.513849631543925 0.0 1.0 0.0 0.005062764257479 0.0 0.0 1.0 1.038217281372238
1.0 0.0 0.0 5.593166802138604 0.0 1.0 0.0 -0.082571678156392 0.0 0.0 1.0 1.033966130355607
1.0 0.0 0.0 5.664040631612634 0.0 1.0 0.0 -0.123950791923689 0.0 0.0 1.0 1.026410346099456
1.0 0.0 0.0 5.87574230850768 0.0 1.0 0.0 -0.345324548988065 0.0 0.0 1.0 0.976011888137293
1.0 0.0 0.0 5.998960328568292 0.0 1.0 0.0 -0.491339983976203 0.0 0.0 1.0 0.907290368773794
1.0 0.0 0.0 6.037154163654788 0.0 1.0 0.0 -0.537109372906858 0.0 0.0 1.0 0.874785667913139
1.0 0.0 0.0 6.06823495167047 0.0 1.0 0.0 -0.581694060622093 0.0 0.0 1.0 0.835500939925706
1.0 0.0 0.0 6.12691714255168 0.0 1.0 0.0 -0.639396347613197 0.0 0.0 1.0 0.771111688016097
1.0 0.0 0.0 6.163097116415213 0.0 1.0 0.0 -0.683647270714619 0.0 0.0 1.0 0.716806328280489
1.0 0.0 0.0 6.208046741074366 0.0 1.0 0.0 -0.723896410602995 0.0 0.0 1.0 0.676226809408044
1.0 0.0 0.0 6.266586059446289 0.0 1.0 0.0 -0.778389934411001 0.0 0.0 1.0 0.653987905061484
1.0 0.0 0.0 6.305016657445358 0.0 1.0 0.0 -0.800108080962754 0.0 0.0 1.0 0.688615736565869
1.0 0.0 0.0 6.311257230245751 0.0 1.0 0.0 -0.801569761972618 0.0 0.0 1.0 0.731829643408774
1.0 0.0 0.0 6.30821195484886 0.0 1.0 0.0 -0.798581394283579 0.0 0.0 1.0 0.77141960156539
1.0 0.0 0.0 6.300202168931732 0.0 1.0 0.0 -0.786712225663057 0.0 0.0 1.0 0.861417202987949
1.0 0.0 0.0 6.280019581483834 0.0 1.0 0.0 -0.771150129351982 0.0 0.0 1.0 0.915127878308099
1.0 0.0 0.0 6.264937280785535 0.0 1.0 0.0 -0.763983648220944 0.0 0.0 1.0 0.917587400802496
1.0 0.0 0.0 6.256713899277155 0.0 1.0 0.0 -0.76181056512801 0.0 0.0 1.0 0.902668983373107
1.0 0.0 0.0 6.250064363238352 0.0 1.0 0.0 -0.762041364538325 0.0 0.0 1.0 0.886542794487201
1.0 0.0 0.0 6.241673364285234 0.0 1.0 0.0 -0.763713981693455 0.0 0.0 1.0 0.865399885516353
1.0 0.0 0.0 6.233374639132498 0.0 1.0 0.0 -0.767863489078714 0.0 0.0 1.0 0.839158187479711
1.0 0.0 0.0 6.225593165449704 0.0 1.0 0.0 -0.777140967130213 0.0 0.0 1.0 0.824574127381891
1.0 0.0 0.0 6.222425480600021 0.0 1.0 0.0 -0.785830982943855 0.0 0.0 1.0 0.805702245310088
1.0 0.0 0.0 6.22160296588782 0.0 1.0 0.0 -0.797356058867557 0.0 0.0 1.0 0.775751140811282
1.0 0.0 0.0 6.221591737118332 0.0 1.0 0.0 -0.80711285079678 0.0 0.0 1.0 0.751968170275793
1.0 0.0 0.0 6.22751672211965 0.0 1.0 0.0 -0.844448690465223 0.0 0.0 1.0 0.716482023813392
1.0 0.0 0.0 6.2351269168285 0.0 1.0 0.0 -0.873316133869598 0.0 0.0 1.0 0.719665601629194
1.0 0.0 0.0 6.24506845805034 0.0 1.0 0.0 -0.946204641987006 0.0 0.0 1.0 0.780732468005772
1.0 0.0 0.0 6.249474007776817 0.0 1.0 0.0 -1.018457508762412 0.0 0.0 1.0 0.840561821998253
1.0 0.0 0.0 6.250727846060876 0.0 1.0 0.0 -1.034181544731383 0.0 0.0 1.0 0.847990775777391
1.0 0.0 0.0 6.253939635000837 0.0 1.0 0.0 -1.099623260841363 0.0 0.0 1.0 0.868874684516172
1.0 0.0 0.0 6.250032846009611 0.0 1.0 0.0 -1.152541615846 0.0 0.0 1.0 0.874039991527442
1.0 0.0 0.0 6.243403907018684 0.0 1.0 0.0 -1.186854036570736 0.0 0.0 1.0 0.872008083667106
1.0 0.0 0.0 6.227219533162458 0.0 1.0 0.0 -1.238404577623424 0.0 0.0 1.0 0.861766132346404
1.0 0.0 0.0 6.210778617033137 0.0 1.0 0.0 -1.268989633285571 0.0 0.0 1.0 0.85164459929811
1.0 0.0 0.0 6.181220839424912 0.0 1.0 0.0 -1.320588171277345 0.0 0.0 1.0 0.839197758659909
1.0 0.0 0.0 6.15381814709597 0.0 1.0 0.0 -1.348381007540384 0.0 0.0 1.0 0.850886302404679
1.0 0.0 0.0 6.12125199557772 0.0 1.0 0.0 -1.371652646071706 0.0 0.0 1.0 0.86444986468136
1.0 0.0 0.0 6.100132937744615 0.0 1.0 0.0 -1.380346061613124 0.0 0.0 1.0 0.858564316664306
1.0 0.0 0.0 6.078479644215675 0.0 1.0 0.0 -1.380971784905219 0.0 0.0 1.0 0.850130776331548
1.0 0.0 0.0 6.055903874589894 0.0 1.0 0.0 -1.384789074891392 0.0 0.0 1.0 0.830730327909774
1.0 0.0 0.0 6.038667465791342 0.0 1.0 0.0 -1.379124931938299 0.0 0.0 1.0 0.812717686632635
1.0 0.0 0.0 6.018808845921028 0.0 1.0 0.0 -1.377628324444846 0.0 0.0 1.0 0.781144947323839
1.0 0.0 0.0 6.008694007531511 0.0 1.0 0.0 -1.378353822585162 0.0 0.0 1.0 0.775708370494732
1.0 0.0 0.0 6.004634670500679 0.0 1.0 0.0 -1.383421900818452 0.0 0.0 1.0 0.777412107204279
1.0 0.0 0.0 6.003630421673814 0.0 1.0 0.0 -1.392036853420972 0.0 0.0 1.0 0.785659706053062
1.0 0.0 0.0 6.007077850836137 0.0 1.0 0.0 -1.398305253019596 0.0 0.0 1.0 0.792161905690131
1.0 0.0 0.0 6.008355351122473 0.0 1.0 0.0 -1.417610283570644 0.0 0.0 1.0 0.815469559415041
1.0 0.0 0.0 6.01146449939442 0.0 1.0 0.0 -1.441028830889657 0.0 0.0 1.0 0.828232617904311
1.0 0.0 0.0 6.014564597699427 0.0 1.0 0.0 -1.459607597369664 0.0 0.0 1.0 0.831267300006798
1.0 0.0 0.0 6.021119133920773 0.0 1.0 0.0 -1.470649344239417 0.0 0.0 1.0 0.830601019889949
1.0 0.0 0.0 6.024957390295414 0.0 1.0 0.0 -1.491564351226354 0.0 0.0 1.0 0.827540772435437
1.0 0.0 0.0 6.040517901162682 0.0 1.0 0.0 -1.540863673146049 0.0 0.0 1.0 0.808691101430525
1.0 0.0 0.0 6.045475414926251 0.0 1.0 0.0 -1.575630023584695 0.0 0.0 1.0 0.785430360540315
1.0 0.0 0.0 6.05337916310125 0.0 1.0 0.0 -1.596414963440228 0.0 0.0 1.0 0.766566564354616
1.0 0.0 0.0 6.058042512368505 0.0 1.0 0.0 -1.612251183995671 0.0 0.0 1.0 0.745398264141097
1.0 0.0 0.0 6.066987761510806 0.0 1.0 0.0 -1.630110759322212 0.0 0.0 1.0 0.69790458206632
1.0 0.0 0.0 6.077117786671945 0.0 1.0 0.0 -1.63380797514687 0.0 0.0 1.0 0.649183585979419
1.0 0.0 0.0 6.078678554970693 0.0 1.0 0.0 -1.631637708167853 0.0 0.0 1.0 0.633909049880502
1.0 0.0 0.0 6.076185164824627 0.0 1.0 0.0 -1.620737584111848 0.0 0.0 1.0 0.632610595737644
1.0 0.0 0.0 6.070903131406092 0.0 1.0 0.0 -1.614744568225822 0.0 0.0 1.0 0.650453766471737
1.0 0.0 0.0 6.065788420446793 0.0 1.0 0.0 -1.610840800838524 0.0 0.0 1.0 0.68164086167552
1.0 0.0 0.0 6.060266656263686 0.0 1.0 0.0 -1.606500031518512 0.0 0.0 1.0 0.718007402530623
1.0 0.0 0.0 6.066213578365344 0.0 1.0 0.0 -1.592298695393772 0.0 0.0 1.0 0.74356837794225
1.0 0.0 0.0 6.116696997110596 0.0 1.0 0.0 -1.559646507023789 0.0 0.0 1.0 0.674432672225939
1.0 0.0 0.0 6.126240749157073 0.0 1.0 0.0 -1.515930329193451 0.0 0.0 1.0 0.590827093261747
1.0 0.0 0.0 6.221523047893109 0.0 1.0 0.0 -1.425398970033831 0.0 0.0 1.0 0.403824129195373
1.0 0.0 0.0 6.284549744990516 0.0 1.0 0.0 -1.392884586893913 0.0 0.0 1.0 0.354610653867711
1.0 0.0 0.0 6.364971825530707 0.0 1.0 0.0 -1.342572490865136 0.0 0.0 1.0 0.303408960548898
1.0 0.0 0.0 6.393782753886335 0.0 1.0 0.0 -1.327354496990786 0.0 0.0 1.0 0.290550883098315
1.0 0.0 0.0 6.51659613143951 0.0 1.0 0.0 -1.28927170750936 0.0 0.0 1.0 0.25718604693094
1.0 0.0 0.0 6.583652300306349 0.0 1.0 0.0 -1.266667041948095 0.0 0.0 1.0 0.24869044791192
1.0 0.0 0.0 6.614282760706586 0.0 1.0 0.0 -1.257365016409412 0.0 0.0 1.0 0.247916660566641
1.0 0.0 0.0 6.867362683738596 0.0 1.0 0.0 -1.257514489717104 0.0 0.0 1.0 0.252249927539896
1.0 0.0 0.0 6.964218583516063 0.0 1.0 0.0 -1.267700332905591 0.0 0.0 1.0 0.267403239421697
1.0 0.0 0.0 7.071564967761487 0.0 1.0 0.0 -1.282278337001163 0.0 0.0 1.0 0.289132539613113
1.0 0.0 0.0 7.17291005801652 0.0 1.0 0.0 -1.299168692071078 0.0 0.0 1.0 0.315804204328662
1.0 0.0 0.0 7.225691670489647 0.0 1.0 0.0 -1.308168315779074 0.0 0.0 1.0 0.333853361559581
1.0 0.0 0.0 7.543209713831656 0.0 1.0 0.0 -1.360250226691896 0.0 0.0 1.0 0.380635549287038
1.0 0.0 0.0 7.845247606797594 0.0 1.0 0.0 -1.399455867313801 0.0 0.0 1.0 0.39612177330484
1.0 0.0 0.0 8.246324304009345 0.0 1.0 0.0 -1.404947091411214 0.0 0.0 1.0 0.369575377135749
1.0 0.0 0.0 8.757717782031968 0.0 1.0 0.0 -1.346869482009814 0.0 0.0 1.0 0.273319603167858
1.0 0.0 0.0 9.144754930863956 0.0 1.0 0.0 -1.154593974701706 0.0 0.0 1.0 0.167353302003932
1.0 0.0 0.0 9.210988824317331 0.0 1.0 0.0 -1.101460571453978 0.0 0.0 1.0 0.143998983565326
1.0 0.0 0.0 9.42624222843171 0.0 1.0 0.0 -0.909572307046256 0.0 0.0 1.0 0.064561680199555
1.0 0.0 0.0 9.522163905674402 0.0 1.0 0.0 -0.756004075512534 0.0 0.0 1.0 0.012869222792777
1.0 0.0 0.0 9.591670025038107 0.0 1.0 0.0 -0.580986558562797 0.0 0.0 1.0 -0.042076687358597
1.0 0.0 0.0 9.625316407174282 0.0 1.0 0.0 -0.49521088673375 0.0 0.0 1.0 -0.070716710578753
1.0 0.0 0.0 9.751720465311532 0.0 1.0 0.0 -0.034875980573374 0.0 0.0 1.0 -0.230869332276777
1.0 0.0 0.0 9.77256678311686 0.0 1.0 0.0 0.148107278564603 0.0 0.0 1.0 -0.289714999225291
1.0 0.0 0.0 9.791712800950068 0.0 1.0 0.0 0.511724410450402 0.0 0.0 1.0 -0.388050728338073
1.0 0.0 0.0 9.776892765181534 0.0 1.0 0.0 0.767741454350277 0.0 0.0 1.0 -0.440868339046692
1.0 0.0 0.0 9.745329104685084 0.0 1.0 0.0 1.017293632160857 0.0 0.0 1.0 -0.479320647969981
1.0 0.0 0.0 9.717954664264475 0.0 1.0 0.0 1.180846791454678 0.0 0.0 1.0 -0.497762785812201
1.0 0.0 0.0 9.682967161300548 0.0 1.0 0.0 1.344299000174244 0.0 0.0 1.0 -0.509332677560532
1.0 0.0 0.0 9.646300307269808 0.0 1.0 0.0 1.509467657906849 0.0 0.0 1.0 -0.513793148273972
1.0 0.0 0.0 9.625953223485887 0.0 1.0 0.0 1.590779069992942 0.0 0.0 1.0 -0.51392411394612
1.0 0.0 0.0 9.570941862161915 0.0 1.0 0.0 1.753512412500318 0.0 0.0 1.0 -0.507604185471811
1.0 0.0 0.0 9.544605039241635 0.0 1.0 0.0 1.837920669891105 0.0 0.0 1.0 -0.503076394841568
1.0 0.0 0.0 9.389737559346704 0.0 1.0 0.0 2.179529713977278 0.0 0.0 1.0 -0.462898828396062
1.0 0.0 0.0 9.252266890436966 0.0 1.0 0.0 2.437668936027425 0.0 0.0 1.0 -0.417229200755311
1.0 0.0 0.0 9.19764857147488 0.0 1.0 0.0 2.525929708640182 0.0 0.0 1.0 -0.398004545315389
1.0 0.0 0.0 9.038917402406183 0.0 1.0 0.0 2.687746630441134 0.0 0.0 1.0 -0.346796787313048
1.0 0.0 0.0 8.907280466957895 0.0 1.0 0.0 2.860005221719771 0.0 0.0 1.0 -0.302274182031566
1.0 0.0 0.0 8.757612444144822 0.0 1.0 0.0 3.027467057279845 0.0 0.0 1.0 -0.262093633215155
1.0 0.0 0.0 8.477116217390005 0.0 1.0 0.0 3.247832990842476 0.0 0.0 1.0 -0.20215923673893
1.0 0.0 0.0 8.127807712675974 0.0 1.0 0.0 3.538535762072919 0.0 0.0 1.0 -0.11835319696025
1.0 0.0 0.0 7.884955311927547 0.0 1.0 0.0 3.633775874285963 0.0 0.0 1.0 -0.05527636178661
1.0 0.0 0.0 7.692355786892446 0.0 1.0 0.0 3.734831179254939 0.0 0.0 1.0 0.002764576371109
1.0 0.0 0.0 7.486697222532596 0.0 1.0 0.0 3.802941867624515 0.0 0.0 1.0 0.069445425345921
1.0 0.0 0.0 7.391043200876583 0.0 1.0 0.0 3.835613091637901 0.0 0.0 1.0 0.104319111318846
1.0 0.0 0.0 7.222739716214234 0.0 1.0 0.0 3.823181690992103 0.0 0.0 1.0 0.154684687638171
1.0 0.0 0.0 7.126105772561723 0.0 1.0 0.0 3.840738526742321 0.0 0.0 1.0 0.192201611676935
1.0 0.0 0.0 6.926985307934162 0.0 1.0 0.0 3.856195548914668 0.0 0.0 1.0 0.274433835022308
1.0 0.0 0.0 6.660261953060523 0.0 1.0 0.0 3.805914619545206 0.0 0.0 1.0 0.374081927782733
1.0 0.0 0.0 6.384835727366963 0.0 1.0 0.0 3.753334080182792 0.0 0.0 1.0 0.502653483687727
1.0 0.0 0.0 6.114630119028955 0.0 1.0 0.0 3.657827592425977 0.0 0.0 1.0 0.621304608484346
1.0 0.0 0.0 5.869225441415974 0.0 1.0 0.0 3.527742745323634 0.0 0.0 1.0 0.702008443633893
1.0 0.0 0.0 5.729393579369752 0.0 1.0 0.0 3.439855738275309 0.0 0.0 1.0 0.76350827452233
1.0 0.0 0.0 5.559544529622137 0.0 1.0 0.0 3.328823265600895 0.0 0.0 1.0 0.80441212910047
1.0 0.0 0.0 5.453601993752623 0.0 1.0 0.0 3.20242152024127 0.0 0.0 1.0 0.874839806382125
1.0 0.0 0.0 5.394899612958646 0.0 1.0 0.0 3.138102890062352 0.0 0.0 1.0 0.898079450374213
1.0 0.0 0.0 5.294659360925178 0.0 1.0 0.0 3.04208272584146 0.0 0.0 1.0 0.927302635348919
1.0 0.0 0.0 5.169367330387606 0.0 1.0 0.0 2.823924267888379 0.0 0.0 1.0 0.993326918728254
1.0 0.0 0.0 5.144298721721635 0.0 1.0 0.0 2.749367417477365 0.0 0.0 1.0 1.013550468159395
1.0 0.0 0.0 5.504919782807782 0.0 1.0 0.0 1.769596931731877 0.0 0.0 1.0 1.264248659757495
1.0 0.0 0.0 5.656168590277847 0.0 1.0 0.0 1.64505433157771 0.0 0.0 1.0 1.293456700355349
1.0 0.0 0.0 5.880899082199422 0.0 1.0 0.0 1.543518220720674 0.0 0.0 1.0 1.306556427886889
1.0 0.0 0.0 5.96755091254359 0.0 1.0 0.0 1.483396967662997 0.0 0.0 1.0 1.30775505863949
1.0 0.0 0.0 7.350527391282093 0.0 1.0 0.0 0.802543685225442 0.0 0.0 1.0 1.029329812892654
1.0 0.0 0.0 7.539505503123372 0.0 1.0 0.0 0.693917194009699 0.0 0.0 1.0 0.966047270958922
1.0 0.0 0.0 7.718944778113064 0.0 1.0 0.0 0.648793335054693 0.0 0.0 1.0 0.929029144835627
1.0 0.0 0.0 7.910549565418393 0.0 1.0 0.0 0.546752017784711 0.0 0.0 1.0 0.872910982046832
1.0 0.0 0.0 8.005295074279493 0.0 1.0 0.0 0.496565023427819 0.0 0.0 1.0 0.847475319108061
1.0 0.0 0.0 8.181009882022872 0.0 1.0 0.0 0.397996135624507 0.0 0.0 1.0 0.804246197599608
1.0 0.0 0.0 8.483089332078737 0.0 1.0 0.0 0.313675737888224 0.0 0.0 1.0 0.758783003954695
1.0 0.0 0.0 8.772254412907701 0.0 1.0 0.0 0.186086460379602 0.0 0.0 1.0 0.715957719722411
1.0 0.0 0.0 8.95841034930257 0.0 1.0 0.0 0.111493087647113 0.0 0.0 1.0 0.695078157360898
1.0 0.0 0.0 9.15181029767622 0.0 1.0 0.0 0.081219740524864 0.0 0.0 1.0 0.675971267782103
1.0 0.0 0.0 9.527552173375602 0.0 1.0 0.0 -0.040655601529039 0.0 0.0 1.0 0.619959814019949
1.0 0.0 0.0 9.693670411433194 0.0 1.0 0.0 -0.092684686728778 0.0 0.0 1.0 0.585023300067397
1.0 0.0 0.0 9.867555942683648 0.0 1.0 0.0 -0.116545877695131 0.0 0.0 1.0 0.556983171958822
1.0 0.0 0.0 10.497190212539001 0.0 1.0 0.0 -0.20508040670102 0.0 0.0 1.0 0.433652518161924
1.0 0.0 0.0 10.885501765367753 0.0 1.0 0.0 -0.182387539880301 0.0 0.0 1.0 0.39255664639425
1.0 0.0 0.0 11.183860688280289 0.0 1.0 0.0 -0.101341163564973 0.0 0.0 1.0 0.400718291260644
1.0 0.0 0.0 11.289596628053994 0.0 1.0 0.0 -0.040195380123707 0.0 0.0 1.0 0.399138405014752
1.0 0.0 0.0 11.348069275789864 0.0 1.0 0.0 0.068012986560078 0.0 0.0 1.0 0.392211287538103
1.0 0.0 0.0 11.353994233039638 0.0 1.0 0.0 0.101662217267905 0.0 0.0 1.0 0.393726272659122
1.0 0.0 0.0 11.352924771800401 0.0 1.0 0.0 0.172686789181579 0.0 0.0 1.0 0.401899645940134
1.0 0.0 0.0 11.280695789999836 0.0 1.0 0.0 0.369426835319408 0.0 0.0 1.0 0.442090828872723
1.0 0.0 0.0 11.25678836077362 0.0 1.0 0.0 0.410587253520648 0.0 0.0 1.0 0.44884006717554
1.0 0.0 0.0 11.181898802833379 0.0 1.0 0.0 0.496293811554753 0.0 0.0 1.0 0.458991041750143
1.0 0.0 0.0 11.148778126675044 0.0 1.0 0.0 0.541502367576114 0.0 0.0 1.0 0.460582723769598
1.0 0.0 0.0 11.11731601511477 0.0 1.0 0.0 0.58577971020913 0.0 0.0 1.0 0.459973217436928
1.0 0.0 0.0 10.756592822894264 0.0 1.0 0.0 0.900787228345258 0.0 0.0 1.0 0.460211330926921
1.0 0.0 0.0 10.65977762641426 0.0 1.0 0.0 0.995301799180281 0.0 0.0 1.0 0.473834883926509
1.0 0.0 0.0 10.573112963968866 0.0 1.0 0.0 1.039340619325515 0.0 0.0 1.0 0.487547884425371
1.0 0.0 0.0 9.848973281318765 0.0 1.0 0.0 1.624059474253818 0.0 0.0 1.0 0.864261233507917
1.0 0.0 0.0 9.78283942851958 0.0 1.0 0.0 1.695257196511478 0.0 0.0 1.0 0.926284687418383
1.0 0.0 0.0 9.691700108590961 0.0 1.0 0.0 1.762494962905785 0.0 0.0 1.0 0.983302985981351
1.0 0.0 0.0 9.601344697142618 0.0 1.0 0.0 1.871267794736083 0.0 0.0 1.0 1.053148399432411
1.0 0.0 0.0 9.573241674419943 0.0 1.0 0.0 1.910062511199056 0.0 0.0 1.0 1.074548698141488
1.0 0.0 0.0 9.503434860360569 0.0 1.0 0.0 1.984880373962642 0.0 0.0 1.0 1.113397494931682
1.0 0.0 0.0 9.4583185091636 0.0 1.0 0.0 2.067783542720441 0.0 0.0 1.0 1.145544080150084
1.0 0.0 0.0 9.42477830104938 0.0 1.0 0.0 2.105988525538652 0.0 0.0 1.0 1.159804143174946
1.0 0.0 0.0 9.40560073861464 0.0 1.0 0.0 2.147438188847853 0.0 0.0 1.0 1.172303737865792
1.0 0.0 0.0 9.365821188193069 0.0 1.0 0.0 2.233072554397503 0.0 0.0 1.0 1.194632566728106
1.0 0.0 0.0 9.325634175246568 0.0 1.0 0.0 2.370185644024644 0.0 0.0 1.0 1.219966767307675
1.0 0.0 0.0 9.30444544331254 0.0 1.0 0.0 2.465002026903327 0.0 0.0 1.0 1.230782677399518
1.0 0.0 0.0 9.289955612317971 0.0 1.0 0.0 2.565081949966327 0.0 0.0 1.0 1.235908678822404
1.0 0.0 0.0 9.274012279529202 0.0 1.0 0.0 2.665906335797653 0.0 0.0 1.0 1.235728183040715
1.0 0.0 0.0 9.272614424620848 0.0 1.0 0.0 2.720695488618505 0.0 0.0 1.0 1.233305459735404
1.0 0.0 0.0 9.23487132904941 0.0 1.0 0.0 3.039943455988898 0.0 0.0 1.0 1.192983120505442
1.0 0.0 0.0 9.213381826528234 0.0 1.0 0.0 3.145806837353297 0.0 0.0 1.0 1.170729162380038
1.0 0.0 0.0 9.192951850420695 0.0 1.0 0.0 3.250506455879905 0.0 0.0 1.0 1.143985229585155
1.0 0.0 0.0 9.15492260734548 0.0 1.0 0.0 3.402581857057323 0.0 0.0 1.0 1.094637706763938
1.0 0.0 0.0 9.13792510555847 0.0 1.0 0.0 3.451381521398286 0.0 0.0 1.0 1.075870714916586
1.0 0.0 0.0 9.05680377987448 0.0 1.0 0.0 3.627793751076238 0.0 0.0 1.0 0.999358919339298
1.0 0.0 0.0 8.998754657643024 0.0 1.0 0.0 3.702579444987404 0.0 0.0 1.0 0.968780613234837
1.0 0.0 0.0 8.910535812689814 0.0 1.0 0.0 3.80470081855207 0.0 0.0 1.0 0.93656937323023
1.0 0.0 0.0 8.754209279839873 0.0 1.0 0.0 3.912126210031457 0.0 0.0 1.0 0.902249020791853
1.0 0.0 0.0 8.715920826284082 0.0 1.0 0.0 3.93925523208954 0.0 0.0 1.0 0.890242734351633
1.0 0.0 0.0 8.677283275818752 0.0 1.0 0.0 3.964106961011705 0.0 0.0 1.0 0.877141519936587
1.0 0.0 0.0 8.616402108713695 0.0 1.0 0.0 3.977004762397082 0.0 0.0 1.0 0.864482730245659
1.0 0.0 0.0 8.496825068190763 0.0 1.0 0.0 4.039952178429388 0.0 0.0 1.0 0.815962002675227
1.0 0.0 0.0 8.388078515526882 0.0 1.0 0.0 4.061380610806602 0.0 0.0 1.0 0.782117666936456
1.0 0.0 0.0 8.345879429798249 0.0 1.0 0.0 4.075880136336626 0.0 0.0 1.0 0.762714859795314
1.0 0.0 0.0 8.258554206719307 0.0 1.0 0.0 4.096269301228459 0.0 0.0 1.0 0.724482969765642
1.0 0.0 0.0 8.047365351200277 0.0 1.0 0.0 4.08846878882155 0.0 0.0 1.0 0.673023686572817
1.0 0.0 0.0 7.817443120668568 0.0 1.0 0.0 4.035532039939949 0.0 0.0 1.0 0.654043753242577
1.0 0.0 0.0 7.768968313100508 0.0 1.0 0.0 4.02305059864402 0.0 0.0 1.0 0.648176970797956
1.0 0.0 0.0 7.531953301081679 0.0 1.0 0.0 3.939208041596999 0.0 0.0 1.0 0.611400317390011
1.0 0.0 0.0 7.382793319893215 0.0 1.0 0.0 3.874455880327539 0.0 0.0 1.0 0.59015841869249
1.0 0.0 0.0 7.286638268712682 0.0 1.0 0.0 3.833502010953415 0.0 0.0 1.0 0.567264473821056
1.0 0.0 0.0 7.088959597258939 0.0 1.0 0.0 3.738826946171329 0.0 0.0 1.0 0.553614589739876
1.0 0.0 0.0 7.039248511815229 0.0 1.0 0.0 3.713765363704638 0.0 0.0 1.0 0.551293559334023
1.0 0.0 0.0 6.840263615095658 0.0 1.0 0.0 3.605388677780925 0.0 0.0 1.0 0.560179901401668
1.0 0.0 0.0 6.787310867043121 0.0 1.0 0.0 3.579500211393655 0.0 0.0 1.0 0.564460659113303
1.0 0.0 0.0 6.684879526700377 0.0 1.0 0.0 3.524651968638897 0.0 0.0 1.0 0.578225590799032
1.0 0.0 0.0 6.586329314951059 0.0 1.0 0.0 3.47168441294795 0.0 0.0 1.0 0.594295134308227
1.0 0.0 0.0 6.360038254342394 0.0 1.0 0.0 3.349940027801253 0.0 0.0 1.0 0.635179936229932
1.0 0.0 0.0 6.27285126042071 0.0 1.0 0.0 3.29881863614936 0.0 0.0 1.0 0.65836486805867
1.0 0.0 0.0 6.154651317590334 0.0 1.0 0.0 3.232270360448432 0.0 0.0 1.0 0.661500048973861
1.0 0.0 0.0 6.110505786362725 0.0 1.0 0.0 3.206530735646649 0.0 0.0 1.0 0.655877730175605
1.0 0.0 0.0 5.687637434716309 0.0 1.0 0.0 2.955722508661872 0.0 0.0 1.0 0.596480157365651
1.0 0.0 0.0 5.566727821802443 0.0 1.0 0.0 2.876095442040075 0.0 0.0 1.0 0.58571873912574
1.0 0.0 0.0 5.511908855844098 0.0 1.0 0.0 2.838013045978643 0.0 0.0 1.0 0.582464088047849
1.0 0.0 0.0 5.302572158049615 0.0 1.0 0.0 2.694242196963356 0.0 0.0 1.0 0.588953769263803
1.0 0.0 0.0 5.104269306140894 0.0 1.0 0.0 2.551174064288959 0.0 0.0 1.0 0.591675123453147
1.0 0.0 0.0 4.78152127922287 0.0 1.0 0.0 2.301401698802267 0.0 0.0 1.0 0.560008004056689
1.0 0.0 0.0 4.693200864760709 0.0 1.0 0.0 2.229491361258214 0.0 0.0 1.0 0.554584918766452
1.0 0.0 0.0 4.562782687393473 0.0 1.0 0.0 2.139283837212081 0.0 0.0 1.0 0.566375481335749
1.0 0.0 0.0 4.48838975537994 0.0 1.0 0.0 2.079061843857949 0.0 0.0 1.0 0.575664243761111
1.0 0.0 0.0 4.416105832076648 0.0 1.0 0.0 2.022106447975757 0.0 0.0 1.0 0.592226537719965
1.0 0.0 0.0 4.38295911604986 0.0 1.0 0.0 1.99648838073121 0.0 0.0 1.0 0.602578877924125
1.0 0.0 0.0 4.240543002126443 0.0 1.0 0.0 1.905151866297642 0.0 0.0 1.0 0.654300295711074
1.0 0.0 0.0 4.157030224338528 0.0 1.0 0.0 1.846994318152119 0.0 0.0 1.0 0.714814113139999
1.0 0.0 0.0 4.110503605406483 0.0 1.0 0.0 1.815614218451047 0.0 0.0 1.0 0.760036241816919
1.0 0.0 0.0 4.065275054828927 0.0 1.0 0.0 1.78687387254668 0.0 0.0 1.0 0.802183322479982
1.0 0.0 0.0 4.024598071114228 0.0 1.0 0.0 1.76178399054589 0.0 0.0 1.0 0.836479576692517
1.0 0.0 0.0 4.005480562301627 0.0 1.0 0.0 1.750454504515944 0.0 0.0 1.0 0.851255668858713
1.0 0.0 0.0 3.952224017104601 0.0 1.0 0.0 1.721183558230101 0.0 0.0 1.0 0.879736289518439
1.0 0.0 0.0 3.895933844162764 0.0 1.0 0.0 1.677183322856894 0.0 0.0 1.0 0.919535980531157
1.0 0.0 0.0 3.883548272125939 0.0 1.0 0.0 1.665182210763468 0.0 0.0 1.0 0.927171412725156
1.0 0.0 0.0 3.848316493639359 0.0 1.0 0.0 1.634209235069014 0.0 0.0 1.0 0.940944666645331
1.0 0.0 0.0 3.823455844664086 0.0 1.0 0.0 1.592177051398195 0.0 0.0 1.0 0.949522547721303
1.0 0.0 0.0 3.807874177242836 0.0 1.0 0.0 1.545678905418532 0.0 0.0 1.0 0.943445950846306
1.0 0.0 0.0 3.793246050544775 0.0 1.0 0.0 1.493648811156388 0.0 0.0 1.0 0.924545262203805
1.0 0.0 0.0 3.791319038867193 0.0 1.0 0.0 1.448809502738777 0.0 0.0 1.0 0.897823563610204
1.0 0.0 0.0 3.791053962737324 0.0 1.0 0.0 1.421782283443638 0.0 0.0 1.0 0.886303335244484
1.0 0.0 0.0 3.796294450018064 0.0 1.0 0.0 1.397623512980032 0.0 0.0 1.0 0.883223308641665
1.0 0.0 0.0 3.809975866208155 0.0 1.0 0.0 1.359800719882384 0.0 0.0 1.0 0.896445807274143
1.0 0.0 0.0 3.836242212855694 0.0 1.0 0.0 1.31564780839253 0.0 0.0 1.0 0.897113668957497
1.0 0.0 0.0 3.875555029576406 0.0 1.0 0.0 1.271307906996658 0.0 0.0 1.0 0.869806592613687
1.0 0.0 0.0 3.90103410360814 0.0 1.0 0.0 1.241249015843868 0.0 0.0 1.0 0.868677102553215
1.0 0.0 0.0 3.924277808865093 0.0 1.0 0.0 1.220856964337443 0.0 0.0 1.0 0.874398508426174
1.0 0.0 0.0 3.973867989911597 0.0 1.0 0.0 1.15515028256554 0.0 0.0 1.0 0.917568666841841
1.0 0.0 0.0 3.984341357742325 0.0 1.0 0.0 1.139989927697955 0.0 0.0 1.0 0.930683234564612
1.0 0.0 0.0 4.027150276486077 0.0 1.0 0.0 1.074447146129623 0.0 0.0 1.0 0.989689919366966
1.0 0.0 0.0 4.056051841366943 0.0 1.0 0.0 1.019124260510414 0.0 0.0 1.0 1.023864315880624
1.0 0.0 0.0 4.101076416939534 0.0 1.0 0.0 0.92399979743579 0.0 0.0 1.0 1.04769200210118
1.0 0.0 0.0 4.116244064557733 0.0 1.0 0.0 0.883013050153089 0.0 0.0 1.0 1.047470555794851
1.0 0.0 0.0 4.127633155432092 0.0 1.0 0.0 0.862094462088721 0.0 0.0 1.0 1.045329341342766
1.0 0.0 0.0 4.152023555494174 0.0 1.0 0.0 0.797244721684074 0.0 0.0 1.0 1.037051359626184
1.0 0.0 0.0 4.178110906153409 0.0 1.0 0.0 0.728337605188137 0.0 0.0 1.0 1.038604731780951
1.0 0.0 0.0 4.187898602072215 0.0 1.0 0.0 0.703463182629712 0.0 0.0 1.0 1.042502790473091
1.0 0.0 0.0 4.223088307387612 0.0 1.0 0.0 0.630334239006522 0.0 0.0 1.0 1.053593371959359
1.0 0.0 0.0 4.245851293655425 0.0 1.0 0.0 0.578542546931472 0.0 0.0 1.0 1.054881059655222
1.0 0.0 0.0 4.268403343305748 0.0 1.0 0.0 0.526838274706688 0.0 0.0 1.0 1.051237412951101
1.0 0.0 0.0 4.289433476062099 0.0 1.0 0.0 0.499841378920431 0.0 0.0 1.0 1.047090176137543
1.0 0.0 0.0 4.346380954152502 0.0 1.0 0.0 0.357264546896432 0.0 0.0 1.0 1.060360130218403
1.0 0.0 0.0 4.386781118590117 0.0 1.0 0.0 0.269402699768533 0.0 0.0 1.0 1.089828406128563
1.0 0.0 0.0 4.427969781706246 0.0 1.0 0.0 0.147521041854854 0.0 0.0 1.0 1.126475914052006
1.0 0.0 0.0 4.466223915324889 0.0 1.0 0.0 0.047022157349496 0.0 0.0 1.0 1.137660172271122
1.0 0.0 0.0 4.505159478471845 0.0 1.0 0.0 -0.085878837101829 0.0 0.0 1.0 1.129979173379223
1.0 0.0 0.0 4.520730955013776 0.0 1.0 0.0 -0.152809913333093 0.0 0.0 1.0 1.121212246969714
1.0 0.0 0.0 4.592544542277321 0.0 1.0 0.0 -0.319660115244673 0.0 0.0 1.0 1.086979006055251
1.0 0.0 0.0 4.609151586908104 0.0 1.0 0.0 -0.41287557298057 0.0 0.0 1.0 1.085354410840859
1.0 0.0 0.0 4.645394050803065 0.0 1.0 0.0 -0.506037630874283 0.0 0.0 1.0 1.097860034922692
1.0 0.0 0.0 4.670570040525681 0.0 1.0 0.0 -0.599503328982381 0.0 0.0 1.0 1.120609835994342
1.0 0.0 0.0 4.702093296002089 0.0 1.0 0.0 -0.692873083866436 0.0 0.0 1.0 1.131298380257889
1.0 0.0 0.0 4.713518954894944 0.0 1.0 0.0 -0.757112569861536 0.0 0.0 1.0 1.131383415450463
1.0 0.0 0.0 4.723197185286664 0.0 1.0 0.0 -0.818637748724259 0.0 0.0 1.0 1.126466861552191
1.0 0.0 0.0 4.739132079610773 0.0 1.0 0.0 -0.913421485955415 0.0 0.0 1.0 1.109246676946959
1.0 0.0 0.0 4.734070914355639 0.0 1.0 0.0 -1.033851365882858 0.0 0.0 1.0 1.087765696893197
1.0 0.0 0.0 4.734982232969718 0.0 1.0 0.0 -1.061730723769756 0.0 0.0 1.0 1.086456677230082
1.0 0.0 0.0 4.7159638046609 0.0 1.0 0.0 -1.177790228633593 0.0 0.0 1.0 1.077404314401907
1.0 0.0 0.0 4.704409046235893 0.0 1.0 0.0 -1.23055841614997 0.0 0.0 1.0 1.064526366418029
1.0 0.0 0.0 4.688055747770629 0.0 1.0 0.0 -1.312162002676626 0.0 0.0 1.0 1.037485976779834
1.0 0.0 0.0 4.654978917075309 0.0 1.0 0.0 -1.456494142293238 0.0 0.0 1.0 0.980113204508739
1.0 0.0 0.0 4.640161836719718 0.0 1.0 0.0 -1.518198952052936 0.0 0.0 1.0 0.976995937606962
1.0 0.0 0.0 4.636288631690142 0.0 1.0 0.0 -1.538070610192218 0.0 0.0 1.0 0.981951281387416
1.0 0.0 0.0 4.624861207290972 0.0 1.0 0.0 -1.620481183355593 0.0 0.0 1.0 1.01839421945342
1.0 0.0 0.0 4.621563221244144 0.0 1.0 0.0 -1.657704349348572 0.0 0.0 1.0 1.031742175903264
1.0 0.0 0.0 4.621608792339216 0.0 1.0 0.0 -1.676709915059407 0.0 0.0 1.0 1.036649047734228
1.0 0.0 0.0 4.621854401008808 0.0 1.0 0.0 -1.691014732812333 0.0 0.0 1.0 1.037770482641471
1.0 0.0 0.0 4.623333295352675 0.0 1.0 0.0 -1.700943868634123 0.0 0.0 1.0 1.035498922803807
1.0 0.0 0.0 4.628943078268764 0.0 1.0 0.0 -1.705220615071825 0.0 0.0 1.0 1.032437721070779
1.0 0.0 0.0 4.63088034549638 0.0 1.0 0.0 -1.707608772588281 0.0 0.0 1.0 1.028549506973039
1.0 0.0 0.0 4.638339655696383 0.0 1.0 0.0 -1.711540038258987 0.0 0.0 1.0 1.011178920113657
1.0 0.0 0.0 4.644178694674475 0.0 1.0 0.0 -1.711347317252229 0.0 0.0 1.0 0.995016260709591
1.0 0.0 0.0 4.658063115281117 0.0 1.0 0.0 -1.711404723391944 0.0 0.0 1.0 0.966035252673114
1.0 0.0 0.0 4.666052984507366 0.0 1.0 0.0 -1.712366786958582 0.0 0.0 1.0 0.945698571653166
1.0 0.0 0.0 4.669826395179004 0.0 1.0 0.0 -1.713286924709039 0.0 0.0 1.0 0.935281544494395
1.0 0.0 0.0 4.676977969019643 0.0 1.0 0.0 -1.716331023815159 0.0 0.0 1.0 0.92396603972983
1.0 0.0 0.0 4.682138790800435 0.0 1.0 0.0 -1.721260562331872 0.0 0.0 1.0 0.902569385384828
1.0 0.0 0.0 4.688073835927614 0.0 1.0 0.0 -1.73379675569924 0.0 0.0 1.0 0.868437502954731
1.0 0.0 0.0 4.690823252556336 0.0 1.0 0.0 -1.744089576030554 0.0 0.0 1.0 0.845740008344292
1.0 0.0 0.0 4.696771237872208 0.0 1.0 0.0 -1.763934803331555 0.0 0.0 1.0 0.811163810768011
1.0 0.0 0.0 4.696126930648747 0.0 1.0 0.0 -1.784830377131085 0.0 0.0 1.0 0.780328356341913
1.0 0.0 0.0 4.69644061250289 0.0 1.0 0.0 -1.808798965688434 0.0 0.0 1.0 0.757843882517442
1.0 0.0 0.0 4.695188165662998 0.0 1.0 0.0 -1.815696890208737 0.0 0.0 1.0 0.753066572098001
1.0 0.0 0.0 4.688163543298908 0.0 1.0 0.0 -1.838194161361996 0.0 0.0 1.0 0.743583634207756
1.0 0.0 0.0 4.67351157074101 0.0 1.0 0.0 -1.858821088663805 0.0 0.0 1.0 0.743690383489412
1.0 0.0 0.0 4.664488904464226 0.0 1.0 0.0 -1.872600873912517 0.0 0.0 1.0 0.748890108057057
1.0 0.0 0.0 4.652442034666771 0.0 1.0 0.0 -1.88518907655519 0.0 0.0 1.0 0.753005848944798
1.0 0.0 0.0 4.624041212405001 0.0 1.0 0.0 -1.908031559995608 0.0 0.0 1.0 0.736598108134799
1.0 0.0 0.0 4.611945070651396 0.0 1.0 0.0 -1.91803365916182 0.0 0.0 1.0 0.715291116169027
1.0 0.0 0.0 4.606762837405822 0.0 1.0 0.0 -1.922468665226684 0.0 0.0 1.0 0.702254726402909
1.0 0.0 0.0 4.618488350984669 0.0 1.0 0.0 -1.921428247280532 0.0 0.0 1.0 0.697777199439309
1.0 0.0 0.0 4.631965639268527 0.0 1.0 0.0 -1.915485491619793 0.0 0.0 1.0 0.691748994968764
1.0 0.0 0.0 4.626990453701107 0.0 1.0 0.0 -1.914452011792295 0.0 0.0 1.0 0.692196895417317
1.0 0.0 0.0 4.628719179062857 0.0 1.0 0.0 -1.915484353153728 0.0 0.0 1.0 0.691987449506991
1.0 0.0 0.0 4.629802601365753 0.0 1.0 0.0 -1.915496612188425 0.0 0.0 1.0 0.691943175070779
1.0 0.0 0.0 4.628882119612967 0.0 1.0 0.0 -1.915116545955653 0.0 0.0 1.0 0.692049032762581
1.0 0.0 0.0 4.628910722694871 0.0 1.0 0.0 -1.915044787478007 0.0 0.0 1.0 0.692042816343239
1.0 0.0 0.0 4.628936957173243 0.0 1.0 0.0 -1.914970265884925 0.0 0.0 1.0 0.692016488572111
1.0 0.0 0.0 4.628892519573491 0.0 1.0 0.0 -1.915065106190171 0.0 0.0 1.0 0.691986690179211
1.0 0.0 0.0 4.628923567480612 0.0 1.0 0.0 -1.914987782823995 0.0 0.0 1.0 0.691981296234014
1.0 0.0 0.0 4.628908502494544 0.0 1.0 0.0 -1.915008069515058 0.0 0.0 1.0 0.691943073201671
1.0 0.0 0.0 4.628899166071752 0.0 1.0 0.0 -1.91504503475682 0.0 0.0 1.0 0.691977195379331
1.0 0.0 0.0 4.628922881797329 0.0 1.0 0.0 -1.914989083534174 0.0 0.0 1.0 0.691980450793753
1.0 0.0 0.0 4.62892139419783 0.0 1.0 0.0 -1.914983245049242 0.0 0.0 1.0 0.691958091938854
1.0 0.0 0.0 4.628920997614118 0.0 1.0 0.0 -1.914993651635553 0.0 0.0 1.0 0.691980483141683
1.0 0.0 0.0 4.628923603804093 0.0 1.0 0.0 -1.914986577312928 0.0 0.0 1.0 0.691978647284135
1.0 0.0 0.0 4.628911656776593 0.0 1.0 0.0 -1.915019489191763 0.0 0.0 1.0 0.691988207186309
1.0 0.0 0.0 4.628916158248932 0.0 1.0 0.0 -1.915002095092059 0.0 0.0 1.0 0.691972770690849
1.0 0.0 0.0 4.628909827962864 0.0 1.0 0.0 -1.915001567301339 0.0 0.0 1.0 0.691935256571475
1.0 0.0 0.0 4.628913307634422 0.0 1.0 0.0 -1.915019136865508 0.0 0.0 1.0 0.691996829607593
1.0 0.0 0.0 4.628901259903648 0.0 1.0 0.0 -1.915028281416505 0.0 0.0 1.0 0.691949484788064
1.0 0.0 0.0 4.628912676420461 0.0 1.0 0.0 -1.91502329861857 0.0 0.0 1.0 0.692003077159907
1.0 0.0 0.0 4.628878354785134 0.0 1.0 0.0 -1.915070743917654 0.0 0.0 1.0 0.691918908646355
1.0 0.0 0.0 4.628905814068379 0.0 1.0 0.0 -1.915017329874532 0.0 0.0 1.0 0.691949618859944
1.0 0.0 0.0 4.628886927236526 0.0 1.0 0.0 -1.915048380789576 0.0 0.0 1.0 0.691915015657703
1.0 0.0 0.0 4.628881233893138 0.0 1.0 0.0 -1.915050315697235 0.0 0.0 1.0 0.691886988850033
1.0 0.0 0.0 4.62887609657802 0.0 1.0 0.0 -1.915081097244331 0.0 0.0 1.0 0.691930509625716
1.0 0.0 0.0 4.628889699278197 0.0 1.0 0.0 -1.915048985092849 0.0 0.0 1.0 0.691932326861199
1.0 0.0 0.0 4.628877180663905 0.0 1.0 0.0 -1.915071025371967 0.0 0.0 1.0 0.691912850032079
