1.0 0.0 0.0 1.2010126226869033e-07 0.0 1.0 0.0 1.050886027087472e-07 0.0 0.0 1.0 0.0
1.0 0.0 0.0 1.0020216905104462e-06 0.0 1.0 0.0 8.216933906624035e-07 0.0 0.0 1.0 -5.007655801136934e-08
1.0 0.0 0.0 2.099179710057797e-06 0.0 1.0 0.0 1.5679745501984144e-06 0.0 0.0 1.0 -1.1384470610664721e-07
1.0 0.0 0.0 4.9756195039663e-06 0.0 1.0 0.0 3.221982296963688e-06 0.0 0.0 1.0 2.390274289609806e-08
1.0 0.0 0.0 6.088986083341297e-06 0.0 1.0 0.0 3.655209184216801e-06 0.0 0.0 1.0 4.280865084638208e-07
1.0 0.0 0.0 7.63116986490786e-06 0.0 1.0 0.0 4.512122359301429e-06 0.0 0.0 1.0 6.303312147792894e-07
1.0 0.0 0.0 1.0270007805956993e-05 0.0 1.0 0.0 6.220368959475309e-06 0.0 0.0 1.0 1.011468839351437e-06
1.0 0.0 0.0 9.394646440341603e-06 0.0 1.0 0.0 5.771083579020342e-06 0.0 0.0 1.0 6.963527425796201e-07
1.0 0.0 0.0 1.1269770766375586e-05 0.0 1.0 0.0 7.10866834197077e-06 0.0 0.0 1.0 4.227610475027177e-07
1.0 0.0 0.0 1.0892343198065646e-05 0.0 1.0 0.0 6.8950012064306065e-06 0.0 0.0 1.0 6.073702962794414e-08
1.0 0.0 0.0 1.3399772797129117e-05 0.0 1.0 0.0 8.402086677961051e-06 0.0 0.0 1.0 -4.6477134674205445e-07
1.0 0.0 0.0 9.82013443717733e-06 0.0 1.0 0.0 6.037120328983292e-06 0.0 0.0 1.0 -5.776049647465697e-07
1.0 0.0 0.0 1.7009237126330845e-05 0.0 1.0 0.0 1.0287326404068153e-05 0.0 0.0 1.0 -1.3682787312063738e-06
1.0 0.0 0.0 2.1510955775738694e-05 0.0 1.0 0.0 1.2909450560982805e-05 0.0 0.0 1.0 -1.7862661252365797e-06
1.0 0.0 0.0 2.542819856898859e-05 0.0 1.0 0.0 1.522473121440271e-05 0.0 0.0 1.0 -2.1156874936423264e-06
1.0 0.0 0.0 2.7069092539022677e-05 0.0 1.0 0.0 1.6014942957554013e-05 0.0 0.0 1.0 -2.0970799141650787e-06
1.0 0.0 0.0 3.549592292984016e-05 0.0 1.0 0.0 2.0720062821055762e-05 0.0 0.0 1.0 -2.4968244360934477e-06
1.0 0.0 0.0 4.725457256427035e-05 0.0 1.0 0.0 2.6551611881586723e-05 0.0 0.0 1.0 -3.6427252325665904e-06
1.0 0.0 0.0 4.244498268235475e-05 0.0 1.0 0.0 2.232097540399991e-05 0.0 0.0 1.0 5.370722647057846e-06
1.0 0.0 0.0 4.575101047521457e-05 0.0 1.0 0.0 2.1119863959029317e-05 0.0 0.0 1.0 5.8160454500466585e-05
1.0 0.0 0.0 4.766911661135964e-05 0.0 1.0 0.0 1.828211679821834e-05 0.0 0.0 1.0 0.00010965065303025767
1.0 0.0 0.0 5.796362165710889e-05 0.0 1.0 0.0 1.779639205778949e-05 0.0 0.0 1.0 0.00017671512614469975
1.0 0.0 0.0 6.546553049702197e-05 0.0 1.0 0.0 1.627040001039859e-05 0.0 0.0 1.0 0.00018923742754850537
1.0 0.0 0.0 5.2975668950239196e-05 0.0 1.0 0.0 1.259140935871983e-05 0.0 0.0 1.0 0.00014493901107925922
1.0 0.0 0.0 5.6116194173227996e-05 0.0 1.0 0.0 1.2921292181999888e-05 0.0 0.0 1.0 0.00012607987446244806
1.0 0.0 0.0 9.305906860390678e-05 0.0 1.0 0.0 1.808313390938565e-05 0.0 0.0 1.0 0.000109119777334854
1.0 0.0 0.0 -0.0036246119998395443 0.0 1.0 0.0 0.0006187773542478681 0.0 0.0 1.0 0.013941366225481033
1.0 0.0 0.0 -0.010842232964932919 0.0 1.0 0.0 0.0028569039423018694 0.0 0.0 1.0 0.035886138677597046
1.0 0.0 0.0 -0.01880960911512375 0.0 1.0 0.0 0.005565430037677288 0.0 0.0 1.0 0.05245311185717583
1.0 0.0 0.0 -0.02520563080906868 0.0 1.0 0.0 0.0074991704896092415 0.0 0.0 1.0 0.06310313194990158
1.0 0.0 0.0 -0.030337290838360786 0.0 1.0 0.0 0.009149560704827309 0.0 0.0 1.0 0.07005320489406586
1.0 0.0 0.0 -0.034399498254060745 0.0 1.0 0.0 0.010663079097867012 0.0 0.0 1.0 0.07152491807937622
1.0 0.0 0.0 -0.034824665635824203 0.0 1.0 0.0 0.011073878034949303 0.0 0.0 1.0 0.06212940812110901
1.0 0.0 0.0 -0.03269113600254059 0.0 1.0 0.0 0.013870904222130775 0.0 0.0 1.0 0.0476132370531559
1.0 0.0 0.0 -0.03073473460972309 0.0 1.0 0.0 0.026861216872930527 0.0 0.0 1.0 0.03542647138237953
1.0 0.0 0.0 -0.029441971331834793 0.0 1.0 0.0 0.046108439564704895 0.0 0.0 1.0 0.02556096389889717
1.0 0.0 0.0 -0.028734035789966583 0.0 1.0 0.0 0.06542889773845673 0.0 0.0 1.0 0.018149614334106445
1.0 0.0 0.0 -0.029688384383916855 0.0 1.0 0.0 0.08445341885089874 0.0 0.0 1.0 0.013534342870116234
1.0 0.0 0.0 -0.03081534244120121 0.0 1.0 0.0 0.10133862495422363 0.0 0.0 1.0 0.009894024580717087
1.0 0.0 0.0 -0.032787151634693146 0.0 1.0 0.0 0.1192326694726944 0.0 0.0 1.0 0.007341134361922741
1.0 0.0 0.0 -0.07086546719074249 0.0 1.0 0.0 0.300108402967453 0.0 0.0 1.0 0.007172463461756706
1.0 0.0 0.0 -0.10368127375841141 0.0 1.0 0.0 0.45592349767684937 0.0 0.0 1.0 0.008258629590272903
1.0 0.0 0.0 -0.1341511458158493 0.0 1.0 0.0 0.5978137850761414 0.0 0.0 1.0 0.010362155735492706
1.0 0.0 0.0 -0.16425080597400665 0.0 1.0 0.0 0.7212567329406738 0.0 0.0 1.0 0.013305610977113247
1.0 0.0 0.0 -0.18971861898899078 0.0 1.0 0.0 0.7864972949028015 0.0 0.0 1.0 0.015909787267446518
1.0 0.0 0.0 -0.21332713961601257 0.0 1.0 0.0 0.8045415282249451 0.0 0.0 1.0 0.017762990668416023
1.0 0.0 0.0 -0.2404623180627823 0.0 1.0 0.0 0.8068211674690247 0.0 0.0 1.0 0.019757656380534172
1.0 0.0 0.0 -0.26485303044319153 0.0 1.0 0.0 0.7455859780311584 0.0 0.0 1.0 0.019578156992793083
1.0 0.0 0.0 -0.2868551015853882 0.0 1.0 0.0 0.6362993121147156 0.0 0.0 1.0 0.019129693508148193
1.0 0.0 0.0 -0.3022348880767822 0.0 1.0 0.0 0.512205958366394 0.0 0.0 1.0 0.018642861396074295
1.0 0.0 0.0 -0.31929031014442444 0.0 1.0 0.0 0.4104396402835846 0.0 0.0 1.0 0.01786959357559681
1.0 0.0 0.0 -0.33340924978256226 0.0 1.0 0.0 0.31657958030700684 0.0 0.0 1.0 0.016806412488222122
1.0 0.0 0.0 -0.34693169593811035 0.0 1.0 0.0 0.21536371111869812 0.0 0.0 1.0 0.014753364026546478
1.0 0.0 0.0 -0.3594708740711212 0.0 1.0 0.0 0.11086608469486237 0.0 0.0 1.0 0.01174444891512394
1.0 0.0 0.0 -0.3746181130409241 0.0 1.0 0.0 0.021219996735453606 0.0 0.0 1.0 0.00915814284235239
1.0 0.0 0.0 -0.38970986008644104 0.0 1.0 0.0 -0.05659480765461922 0.0 0.0 1.0 0.0072550587356090546
1.0 0.0 0.0 -0.401328980922699 0.0 1.0 0.0 -0.1251557171344757 0.0 0.0 1.0 0.0057731084525585175
1.0 0.0 0.0 -0.41823041439056396 0.0 1.0 0.0 -0.1727476716041565 0.0 0.0 1.0 0.004232625011354685
1.0 0.0 0.0 -0.433378130197525 0.0 1.0 0.0 -0.19948850572109222 0.0 0.0 1.0 0.003569448133930564
1.0 0.0 0.0 -0.4463970959186554 0.0 1.0 0.0 -0.19617655873298645 0.0 0.0 1.0 0.0029483360704034567
1.0 0.0 0.0 -0.46170565485954285 0.0 1.0 0.0 -0.17342452704906464 0.0 0.0 1.0 0.0020578817930072546
1.0 0.0 0.0 -0.48157617449760437 0.0 1.0 0.0 -0.14856286346912384 0.0 0.0 1.0 0.0009527360671199858
1.0 0.0 0.0 -0.4938496947288513 0.0 1.0 0.0 -0.1009143814444542 0.0 0.0 1.0 -0.0014874092303216457
1.0 0.0 0.0 -0.5043533444404602 0.0 1.0 0.0 -0.02037980407476425 0.0 0.0 1.0 -0.00518275098875165
1.0 0.0 0.0 -0.5174635648727417 0.0 1.0 0.0 0.054311107844114304 0.0 0.0 1.0 -0.007836964912712574
1.0 0.0 0.0 -0.5330328941345215 0.0 1.0 0.0 0.11525563150644302 0.0 0.0 1.0 -0.009692724794149399
1.0 0.0 0.0 -0.5408400893211365 0.0 1.0 0.0 0.17194390296936035 0.0 0.0 1.0 -0.011179826222360134
1.0 0.0 0.0 -0.555004358291626 0.0 1.0 0.0 0.22814075648784637 0.0 0.0 1.0 -0.012416692450642586
1.0 0.0 0.0 -0.5673075914382935 0.0 1.0 0.0 0.2786026895046234 0.0 0.0 1.0 -0.013282045722007751
1.0 0.0 0.0 -0.5774009823799133 0.0 1.0 0.0 0.32810136675834656 0.0 0.0 1.0 -0.014488361775875092
1.0 0.0 0.0 -0.5802222490310669 0.0 1.0 0.0 0.3297063708305359 0.0 0.0 1.0 -0.014567630365490913
1.0 0.0 0.0 -0.5874220132827759 0.0 1.0 0.0 0.3735968768596649 0.0 0.0 1.0 -0.015942653641104698
1.0 0.0 0.0 -0.5967504978179932 0.0 1.0 0.0 0.4142177402973175 0.0 0.0 1.0 -0.01803109049797058
1.0 0.0 0.0 -0.6211827993392944 0.0 1.0 0.0 0.488261878490448 0.0 0.0 1.0 -0.023807676509022713
1.0 0.0 0.0 -0.6347264051437378 0.0 1.0 0.0 0.5258578658103943 0.0 0.0 1.0 -0.02909461222589016
1.0 0.0 0.0 -0.6389171481132507 0.0 1.0 0.0 0.5434019565582275 0.0 0.0 1.0 -0.03577712923288345
1.0 0.0 0.0 -0.6457637548446655 0.0 1.0 0.0 0.5571120381355286 0.0 0.0 1.0 -0.041258614510297775
1.0 0.0 0.0 -0.6546679735183716 0.0 1.0 0.0 0.5692136883735657 0.0 0.0 1.0 -0.046529073268175125
1.0 0.0 0.0 -0.6663645505905151 0.0 1.0 0.0 0.5807199478149414 0.0 0.0 1.0 -0.051906414330005646
1.0 0.0 0.0 -0.675216555595398 0.0 1.0 0.0 0.5847964882850647 0.0 0.0 1.0 -0.05712894722819328
1.0 0.0 0.0 -0.681183934211731 0.0 1.0 0.0 0.5819993019104004 0.0 0.0 1.0 -0.06044686213135719
1.0 0.0 0.0 -0.6916369795799255 0.0 1.0 0.0 0.5797333121299744 0.0 0.0 1.0 -0.0520593523979187
1.0 0.0 0.0 -0.7013915777206421 0.0 1.0 0.0 0.5753532648086548 0.0 0.0 1.0 -0.03426064923405647
1.0 0.0 0.0 -0.714645504951477 0.0 1.0 0.0 0.5710333585739136 0.0 0.0 1.0 -0.0045140571892261505
1.0 0.0 0.0 -0.7316385507583618 0.0 1.0 0.0 0.5662850141525269 0.0 0.0 1.0 0.037298791110515594
1.0 0.0 0.0 -0.7412348389625549 0.0 1.0 0.0 0.5590769648551941 0.0 0.0 1.0 0.07498052716255188
1.0 0.0 0.0 -0.7513163685798645 0.0 1.0 0.0 0.5556212067604065 0.0 0.0 1.0 0.10743151605129242
1.0 0.0 0.0 -0.7619816660881042 0.0 1.0 0.0 0.5541831851005554 0.0 0.0 1.0 0.13619574904441833
1.0 0.0 0.0 -0.7685336470603943 0.0 1.0 0.0 0.5509543418884277 0.0 0.0 1.0 0.1613200157880783
1.0 0.0 0.0 -0.7773978114128113 0.0 1.0 0.0 0.5509169697761536 0.0 0.0 1.0 0.18349964916706085
1.0 0.0 0.0 -0.7900869846343994 0.0 1.0 0.0 0.5541871190071106 0.0 0.0 1.0 0.20476606488227844
1.0 0.0 0.0 -0.8004870414733887 0.0 1.0 0.0 0.555391252040863 0.0 0.0 1.0 0.22759293019771576
1.0 0.0 0.0 -0.8108077049255371 0.0 1.0 0.0 0.5563679933547974 0.0 0.0 1.0 0.24764138460159302
1.0 0.0 0.0 -0.8189027905464172 0.0 1.0 0.0 0.5560521483421326 0.0 0.0 1.0 0.26792290806770325
1.0 0.0 0.0 -0.8301953673362732 0.0 1.0 0.0 0.5581203699111938 0.0 0.0 1.0 0.2874273955821991
1.0 0.0 0.0 -0.8412514925003052 0.0 1.0 0.0 0.5614460110664368 0.0 0.0 1.0 0.3042016327381134
1.0 0.0 0.0 -0.8513844609260559 0.0 1.0 0.0 0.5652371048927307 0.0 0.0 1.0 0.31898948550224304
1.0 0.0 0.0 -0.8578313589096069 0.0 1.0 0.0 0.5679493546485901 0.0 0.0 1.0 0.3308902084827423
1.0 0.0 0.0 -0.8602988123893738 0.0 1.0 0.0 0.5696741938591003 0.0 0.0 1.0 0.339725524187088
1.0 0.0 0.0 -0.8645415902137756 0.0 1.0 0.0 0.5731441974639893 0.0 0.0 1.0 0.34793180227279663
1.0 0.0 0.0 -0.8607255220413208 0.0 1.0 0.0 0.570044219493866 0.0 0.0 1.0 0.35019296407699585
1.0 0.0 0.0 -0.868012011051178 0.0 1.0 0.0 0.5676613450050354 0.0 0.0 1.0 0.3581230640411377
1.0 0.0 0.0 -0.863625168800354 0.0 1.0 0.0 0.5722836256027222 0.0 0.0 1.0 0.36307311058044434
1.0 0.0 0.0 -0.8361044526100159 0.0 1.0 0.0 0.5717760920524597 0.0 0.0 1.0 0.3690122663974762
1.0 0.0 0.0 -0.8096795678138733 0.0 1.0 0.0 0.5528424382209778 0.0 0.0 1.0 0.3220440447330475
1.0 0.0 0.0 -0.7424218654632568 0.0 1.0 0.0 0.5551295280456543 0.0 0.0 1.0 0.34712496399879456
1.0 0.0 0.0 -0.6534997224807739 0.0 1.0 0.0 0.5605675578117371 0.0 0.0 1.0 0.3773425221443176
1.0 0.0 0.0 -0.5440346598625183 0.0 1.0 0.0 0.5590499639511108 0.0 0.0 1.0 0.40445369482040405
1.0 0.0 0.0 -0.4402424097061157 0.0 1.0 0.0 0.5617009401321411 0.0 0.0 1.0 0.4312378168106079
1.0 0.0 0.0 -0.3517371714115143 0.0 1.0 0.0 0.5631715059280396 0.0 0.0 1.0 0.4530036151409149
1.0 0.0 0.0 -0.271419495344162 0.0 1.0 0.0 0.5640660524368286 0.0 0.0 1.0 0.4701545834541321
1.0 0.0 0.0 -0.199026957154274 0.0 1.0 0.0 0.5663114786148071 0.0 0.0 1.0 0.4859318137168884
1.0 0.0 0.0 -0.1324349045753479 0.0 1.0 0.0 0.5669944882392883 0.0 0.0 1.0 0.49870800971984863
1.0 0.0 0.0 -0.07677489519119263 0.0 1.0 0.0 0.5696783065795898 0.0 0.0 1.0 0.5106648802757263
1.0 0.0 0.0 -0.015860991552472115 0.0 1.0 0.0 0.5704072713851929 0.0 0.0 1.0 0.521365225315094
1.0 0.0 0.0 0.05132602900266647 0.0 1.0 0.0 0.574467122554779 0.0 0.0 1.0 0.5357915759086609
1.0 0.0 0.0 0.12042591720819473 0.0 1.0 0.0 0.5748445391654968 0.0 0.0 1.0 0.5467326641082764
1.0 0.0 0.0 0.1945899873971939 0.0 1.0 0.0 0.5730631947517395 0.0 0.0 1.0 0.5556607246398926
1.0 0.0 0.0 0.25418415665626526 0.0 1.0 0.0 0.5708297491073608 0.0 0.0 1.0 0.5618718266487122
1.0 0.0 0.0 0.30937328934669495 0.0 1.0 0.0 0.5716759562492371 0.0 0.0 1.0 0.5687606930732727
1.0 0.0 0.0 0.3637697994709015 0.0 1.0 0.0 0.5685838460922241 0.0 0.0 1.0 0.5747299790382385
1.0 0.0 0.0 0.42214104533195496 0.0 1.0 0.0 0.571351945400238 0.0 0.0 1.0 0.5873969197273254
1.0 0.0 0.0 0.4908559322357178 0.0 1.0 0.0 0.5702942609786987 0.0 0.0 1.0 0.6002586483955383
1.0 0.0 0.0 0.59638911485672 0.0 1.0 0.0 0.5714144706726074 0.0 0.0 1.0 0.6236035823822021
1.0 0.0 0.0 0.7046472430229187 0.0 1.0 0.0 0.5698956251144409 0.0 0.0 1.0 0.6426292657852173
1.0 0.0 0.0 0.8173198699951172 0.0 1.0 0.0 0.569504976272583 0.0 0.0 1.0 0.6685082316398621
1.0 0.0 0.0 0.9465688467025757 0.0 1.0 0.0 0.5727949142456055 0.0 0.0 1.0 0.6996995806694031
1.0 0.0 0.0 1.0732641220092773 0.0 1.0 0.0 0.5756796002388 0.0 0.0 1.0 0.7292487621307373
1.0 0.0 0.0 1.182961106300354 0.0 1.0 0.0 0.5773244500160217 0.0 0.0 1.0 0.7524855732917786
1.0 0.0 0.0 1.269842267036438 0.0 1.0 0.0 0.5801568031311035 0.0 0.0 1.0 0.7713979482650757
1.0 0.0 0.0 1.339044213294983 0.0 1.0 0.0 0.581787109375 0.0 0.0 1.0 0.7855502963066101
1.0 0.0 0.0 1.3981397151947021 0.0 1.0 0.0 0.5852972269058228 0.0 0.0 1.0 0.7995169758796692
1.0 0.0 0.0 1.4299684762954712 0.0 1.0 0.0 0.5840656161308289 0.0 0.0 1.0 0.8025979995727539
1.0 0.0 0.0 1.450853943824768 0.0 1.0 0.0 0.5847653150558472 0.0 0.0 1.0 0.8068650960922241
1.0 0.0 0.0 1.4724876880645752 0.0 1.0 0.0 0.5882406830787659 0.0 0.0 1.0 0.8139602541923523
1.0 0.0 0.0 1.4820395708084106 0.0 1.0 0.0 0.5908569693565369 0.0 0.0 1.0 0.8190361857414246
1.0 0.0 0.0 1.466137409210205 0.0 1.0 0.0 0.5892472267150879 0.0 0.0 1.0 0.8161438703536987
1.0 0.0 0.0 1.4186278581619263 0.0 1.0 0.0 0.5870567560195923 0.0 0.0 1.0 0.8069602847099304
1.0 0.0 0.0 1.3744837045669556 0.0 1.0 0.0 0.5860518217086792 0.0 0.0 1.0 0.7996188998222351
1.0 0.0 0.0 1.2478431463241577 0.0 1.0 0.0 0.546460747718811 0.0 0.0 1.0 0.7407767176628113
1.0 0.0 0.0 1.1076141595840454 0.0 1.0 0.0 0.5083114504814148 0.0 0.0 1.0 0.6806558966636658
1.0 0.0 0.0 0.9789007902145386 0.0 1.0 0.0 0.4795178472995758 0.0 0.0 1.0 0.6312103271484375
1.0 0.0 0.0 0.8733158707618713 0.0 1.0 0.0 0.45798420906066895 0.0 0.0 1.0 0.5929566621780396
1.0 0.0 0.0 0.771888792514801 0.0 1.0 0.0 0.4412853717803955 0.0 0.0 1.0 0.5595422983169556
1.0 0.0 0.0 0.6768596768379211 0.0 1.0 0.0 0.4268958270549774 0.0 0.0 1.0 0.5294399261474609
1.0 0.0 0.0 0.586597204208374 0.0 1.0 0.0 0.4144236147403717 0.0 0.0 1.0 0.5015657544136047
1.0 0.0 0.0 0.5121109485626221 0.0 1.0 0.0 0.4076079726219177 0.0 0.0 1.0 0.48262688517570496
1.0 0.0 0.0 0.4155171513557434 0.0 1.0 0.0 0.39783722162246704 0.0 0.0 1.0 0.4569893181324005
1.0 0.0 0.0 0.27491500973701477 0.0 1.0 0.0 0.3843737542629242 0.0 0.0 1.0 0.41923046112060547
1.0 0.0 0.0 0.1256042867898941 0.0 1.0 0.0 0.37075337767601013 0.0 0.0 1.0 0.3800910711288452
1.0 0.0 0.0 0.012484310194849968 0.0 1.0 0.0 0.3611716032028198 0.0 0.0 1.0 0.3508053421974182
1.0 0.0 0.0 -0.07904897630214691 0.0 1.0 0.0 0.35349467396736145 0.0 0.0 1.0 0.32750657200813293
1.0 0.0 0.0 -0.1519961953163147 0.0 1.0 0.0 0.3491479456424713 0.0 0.0 1.0 0.3101876378059387
1.0 0.0 0.0 -0.22114209830760956 0.0 1.0 0.0 0.3450312614440918 0.0 0.0 1.0 0.2922358512878418
1.0 0.0 0.0 -0.28526946902275085 0.0 1.0 0.0 0.3421747088432312 0.0 0.0 1.0 0.2751571834087372
1.0 0.0 0.0 -0.342074453830719 0.0 1.0 0.0 0.3386726975440979 0.0 0.0 1.0 0.25896602869033813
1.0 0.0 0.0 -0.3904099762439728 0.0 1.0 0.0 0.3246508538722992 0.0 0.0 1.0 0.24321523308753967
1.0 0.0 0.0 -0.4263975918292999 0.0 1.0 0.0 0.30090564489364624 0.0 0.0 1.0 0.23204679787158966
1.0 0.0 0.0 -0.45762574672698975 0.0 1.0 0.0 0.2719731330871582 0.0 0.0 1.0 0.2234736680984497
1.0 0.0 0.0 -0.48301467299461365 0.0 1.0 0.0 0.22750140726566315 0.0 0.0 1.0 0.21624256670475006
1.0 0.0 0.0 -0.5005332231521606 0.0 1.0 0.0 0.1624087542295456 0.0 0.0 1.0 0.20961275696754456
1.0 0.0 0.0 -0.5093919634819031 0.0 1.0 0.0 0.08428733795881271 0.0 0.0 1.0 0.2045333981513977
1.0 0.0 0.0 -0.5141920447349548 0.0 1.0 0.0 0.014312908053398132 0.0 0.0 1.0 0.20096895098686218
1.0 0.0 0.0 -0.5132055878639221 0.0 1.0 0.0 -0.05339718237519264 0.0 0.0 1.0 0.1975346803665161
1.0 0.0 0.0 -0.5103967785835266 0.0 1.0 0.0 -0.12224229425191879 0.0 0.0 1.0 0.19736522436141968
1.0 0.0 0.0 -0.5080492496490479 0.0 1.0 0.0 -0.18024644255638123 0.0 0.0 1.0 0.19828835129737854
1.0 0.0 0.0 -0.5098021030426025 0.0 1.0 0.0 -0.22929641604423523 0.0 0.0 1.0 0.1994595229625702
1.0 0.0 0.0 -0.5096691846847534 0.0 1.0 0.0 -0.26711490750312805 0.0 0.0 1.0 0.19947084784507751
1.0 0.0 0.0 -0.5091320276260376 0.0 1.0 0.0 -0.28842467069625854 0.0 0.0 1.0 0.19843518733978271
1.0 0.0 0.0 -0.5109766721725464 0.0 1.0 0.0 -0.3009229898452759 0.0 0.0 1.0 0.19759583473205566
1.0 0.0 0.0 -0.5117254853248596 0.0 1.0 0.0 -0.30691850185394287 0.0 0.0 1.0 0.19644857943058014
1.0 0.0 0.0 -0.5130879878997803 0.0 1.0 0.0 -0.3100566565990448 0.0 0.0 1.0 0.19559349119663239
1.0 0.0 0.0 -0.5138594508171082 0.0 1.0 0.0 -0.3116784989833832 0.0 0.0 1.0 0.1949499547481537
1.0 0.0 0.0 -0.5152266025543213 0.0 1.0 0.0 -0.31303703784942627 0.0 0.0 1.0 0.19439689815044403
1.0 0.0 0.0 -0.5171175003051758 0.0 1.0 0.0 -0.3145415782928467 0.0 0.0 1.0 0.194031223654747
1.0 0.0 0.0 -0.5182505249977112 0.0 1.0 0.0 -0.3150292634963989 0.0 0.0 1.0 0.19365425407886505
1.0 0.0 0.0 -0.5205854177474976 0.0 1.0 0.0 -0.3167060911655426 0.0 0.0 1.0 0.19391776621341705
1.0 0.0 0.0 -0.5210451483726501 0.0 1.0 0.0 -0.31735584139823914 0.0 0.0 1.0 0.19392029941082
1.0 0.0 0.0 -0.5222599506378174 0.0 1.0 0.0 -0.31845879554748535 0.0 0.0 1.0 0.19416548311710358
1.0 0.0 0.0 -0.5219486355781555 0.0 1.0 0.0 -0.3206864893436432 0.0 0.0 1.0 0.19453540444374084
1.0 0.0 0.0 -0.5179058313369751 0.0 1.0 0.0 -0.3211986720561981 0.0 0.0 1.0 0.19383221864700317
1.0 0.0 0.0 -0.5122804045677185 0.0 1.0 0.0 -0.3224930167198181 0.0 0.0 1.0 0.19332073628902435
1.0 0.0 0.0 -0.5027490854263306 0.0 1.0 0.0 -0.322103351354599 0.0 0.0 1.0 0.1930427998304367
1.0 0.0 0.0 -0.49306726455688477 0.0 1.0 0.0 -0.3236970603466034 0.0 0.0 1.0 0.1943107545375824
1.0 0.0 0.0 -0.48150238394737244 0.0 1.0 0.0 -0.3246717154979706 0.0 0.0 1.0 0.19584578275680542
1.0 0.0 0.0 -0.46782705187797546 0.0 1.0 0.0 -0.3263241946697235 0.0 0.0 1.0 0.19823479652404785
1.0 0.0 0.0 -0.44972532987594604 0.0 1.0 0.0 -0.3267925977706909 0.0 0.0 1.0 0.2013716697692871
1.0 0.0 0.0 -0.4281076490879059 0.0 1.0 0.0 -0.32883623242378235 0.0 0.0 1.0 0.20621386170387268
1.0 0.0 0.0 -0.39932680130004883 0.0 1.0 0.0 -0.3295658826828003 0.0 0.0 1.0 0.21226230263710022
1.0 0.0 0.0 -0.36818966269493103 0.0 1.0 0.0 -0.3311500549316406 0.0 0.0 1.0 0.21982121467590332
1.0 0.0 0.0 -0.33182018995285034 0.0 1.0 0.0 -0.3313717842102051 0.0 0.0 1.0 0.22815142571926117
1.0 0.0 0.0 -0.29764100909233093 0.0 1.0 0.0 -0.3291817009449005 0.0 0.0 1.0 0.23552706837654114
1.0 0.0 0.0 -0.2696147859096527 0.0 1.0 0.0 -0.32806631922721863 0.0 0.0 1.0 0.2420799434185028
1.0 0.0 0.0 -0.24523018300533295 0.0 1.0 0.0 -0.32854968309402466 0.0 0.0 1.0 0.2485170066356659
1.0 0.0 0.0 -0.215114027261734 0.0 1.0 0.0 -0.33157557249069214 0.0 0.0 1.0 0.23533692955970764
1.0 0.0 0.0 -0.18584206700325012 0.0 1.0 0.0 -0.33544373512268066 0.0 0.0 1.0 0.23304881155490875
1.0 0.0 0.0 -0.14970141649246216 0.0 1.0 0.0 -0.3328249454498291 0.0 0.0 1.0 0.2380373477935791
1.0 0.0 0.0 -0.10626887530088425 0.0 1.0 0.0 -0.32757431268692017 0.0 0.0 1.0 0.25580230355262756
1.0 0.0 0.0 -0.06806553900241852 0.0 1.0 0.0 -0.3240739703178406 0.0 0.0 1.0 0.2706451117992401
1.0 0.0 0.0 -0.03452720865607262 0.0 1.0 0.0 -0.3198948800563812 0.0 0.0 1.0 0.28189098834991455
1.0 0.0 0.0 0.004264806397259235 0.0 1.0 0.0 -0.3160618245601654 0.0 0.0 1.0 0.2937801480293274
1.0 0.0 0.0 0.03878132253885269 0.0 1.0 0.0 -0.312702476978302 0.0 0.0 1.0 0.30404967069625854
1.0 0.0 0.0 0.07777226716279984 0.0 1.0 0.0 -0.3105500340461731 0.0 0.0 1.0 0.31503552198410034
1.0 0.0 0.0 0.1183251142501831 0.0 1.0 0.0 -0.30808526277542114 0.0 0.0 1.0 0.3258383870124817
1.0 0.0 0.0 0.1697465479373932 0.0 1.0 0.0 -0.30489811301231384 0.0 0.0 1.0 0.33843326568603516
1.0 0.0 0.0 0.2259700745344162 0.0 1.0 0.0 -0.30343180894851685 0.0 0.0 1.0 0.35289448499679565
1.0 0.0 0.0 0.2865706980228424 0.0 1.0 0.0 -0.29981115460395813 0.0 0.0 1.0 0.36692243814468384
1.0 0.0 0.0 0.3595679700374603 0.0 1.0 0.0 -0.295367568731308 0.0 0.0 1.0 0.38343513011932373
1.0 0.0 0.0 0.4271612763404846 0.0 1.0 0.0 -0.2924564480781555 0.0 0.0 1.0 0.39973318576812744
1.0 0.0 0.0 0.4956434667110443 0.0 1.0 0.0 -0.2889540195465088 0.0 0.0 1.0 0.41526392102241516
1.0 0.0 0.0 0.5595404505729675 0.0 1.0 0.0 -0.2856622040271759 0.0 0.0 1.0 0.42912644147872925
1.0 0.0 0.0 0.6236410140991211 0.0 1.0 0.0 -0.28231269121170044 0.0 0.0 1.0 0.44249504804611206
1.0 0.0 0.0 0.6945847272872925 0.0 1.0 0.0 -0.2811722159385681 0.0 0.0 1.0 0.4584358334541321
1.0 0.0 0.0 0.7659609913825989 0.0 1.0 0.0 -0.2765178382396698 0.0 0.0 1.0 0.4717801809310913
1.0 0.0 0.0 0.8378373980522156 0.0 1.0 0.0 -0.2713311016559601 0.0 0.0 1.0 0.4852297008037567
1.0 0.0 0.0 0.838935375213623 0.0 1.0 0.0 -0.2717309594154358 0.0 0.0 1.0 0.485671728849411
1.0 0.0 0.0 0.9452980756759644 0.0 1.0 0.0 -0.2652547359466553 0.0 0.0 1.0 0.5054068565368652
1.0 0.0 0.0 0.9870736598968506 0.0 1.0 0.0 -0.2640056908130646 0.0 0.0 1.0 0.5137333869934082
1.0 0.0 0.0 1.0257093906402588 0.0 1.0 0.0 -0.26194873452186584 0.0 0.0 1.0 0.5208595395088196
1.0 0.0 0.0 1.066127896308899 0.0 1.0 0.0 -0.26175621151924133 0.0 0.0 1.0 0.5291138887405396
1.0 0.0 0.0 1.1011741161346436 0.0 1.0 0.0 -0.2588137686252594 0.0 0.0 1.0 0.5346903204917908
1.0 0.0 0.0 1.1314576864242554 0.0 1.0 0.0 -0.2577880024909973 0.0 0.0 1.0 0.5391116142272949
1.0 0.0 0.0 1.1593422889709473 0.0 1.0 0.0 -0.2617248594760895 0.0 0.0 1.0 0.5411054491996765
1.0 0.0 0.0 1.183057427406311 0.0 1.0 0.0 -0.27053385972976685 0.0 0.0 1.0 0.5446008443832397
1.0 0.0 0.0 1.2041329145431519 0.0 1.0 0.0 -0.2935158908367157 0.0 0.0 1.0 0.5462459921836853
1.0 0.0 0.0 1.22054123878479 0.0 1.0 0.0 -0.33081313967704773 0.0 0.0 1.0 0.548757016658783
1.0 0.0 0.0 1.2309527397155762 0.0 1.0 0.0 -0.37109237909317017 0.0 0.0 1.0 0.5513525605201721
1.0 0.0 0.0 1.2417625188827515 0.0 1.0 0.0 -0.40688127279281616 0.0 0.0 1.0 0.554430365562439
1.0 0.0 0.0 1.2487146854400635 0.0 1.0 0.0 -0.44045665860176086 0.0 0.0 1.0 0.5567807555198669
1.0 0.0 0.0 1.2550456523895264 0.0 1.0 0.0 -0.4765928089618683 0.0 0.0 1.0 0.5589848160743713
1.0 0.0 0.0 1.2584751844406128 0.0 1.0 0.0 -0.5130137801170349 0.0 0.0 1.0 0.5601578950881958
1.0 0.0 0.0 1.2572033405303955 0.0 1.0 0.0 -0.5478354692459106 0.0 0.0 1.0 0.5607851147651672
1.0 0.0 0.0 1.2594407796859741 0.0 1.0 0.0 -0.5805791616439819 0.0 0.0 1.0 0.5614968538284302
1.0 0.0 0.0 1.2565488815307617 0.0 1.0 0.0 -0.6087521314620972 0.0 0.0 1.0 0.5608649253845215
1.0 0.0 0.0 1.2553250789642334 0.0 1.0 0.0 -0.63548344373703 0.0 0.0 1.0 0.5617929100990295
1.0 0.0 0.0 1.2503119707107544 0.0 1.0 0.0 -0.6609604358673096 0.0 0.0 1.0 0.5614224076271057
1.0 0.0 0.0 1.2389369010925293 0.0 1.0 0.0 -0.681717038154602 0.0 0.0 1.0 0.5578007102012634
1.0 0.0 0.0 1.2292165756225586 0.0 1.0 0.0 -0.6952269673347473 0.0 0.0 1.0 0.5541453957557678
1.0 0.0 0.0 1.2205784320831299 0.0 1.0 0.0 -0.7032774090766907 0.0 0.0 1.0 0.5506524443626404
1.0 0.0 0.0 1.2133076190948486 0.0 1.0 0.0 -0.7078225016593933 0.0 0.0 1.0 0.548389732837677
1.0 0.0 0.0 1.2106901407241821 0.0 1.0 0.0 -0.7116999626159668 0.0 0.0 1.0 0.5473470687866211
1.0 0.0 0.0 1.2052663564682007 0.0 1.0 0.0 -0.7113400101661682 0.0 0.0 1.0 0.545348048210144
1.0 0.0 0.0 1.2029414176940918 0.0 1.0 0.0 -0.7115880250930786 0.0 0.0 1.0 0.5443401336669922
1.0 0.0 0.0 1.2012169361114502 0.0 1.0 0.0 -0.7109461426734924 0.0 0.0 1.0 0.5435799360275269
1.0 0.0 0.0 1.2039942741394043 0.0 1.0 0.0 -0.7095845341682434 0.0 0.0 1.0 0.5443098545074463
1.0 0.0 0.0 1.2037407159805298 0.0 1.0 0.0 -0.7007695436477661 0.0 0.0 1.0 0.5437999367713928
1.0 0.0 0.0 1.2000677585601807 0.0 1.0 0.0 -0.6817051768302917 0.0 0.0 1.0 0.5420453548431396
1.0 0.0 0.0 1.1925970315933228 0.0 1.0 0.0 -0.6564329862594604 0.0 0.0 1.0 0.5385389924049377
1.0 0.0 0.0 1.1884300708770752 0.0 1.0 0.0 -0.635613739490509 0.0 0.0 1.0 0.5364977121353149
1.0 0.0 0.0 1.1851547956466675 0.0 1.0 0.0 -0.6174963116645813 0.0 0.0 1.0 0.5349282026290894
1.0 0.0 0.0 1.1839277744293213 0.0 1.0 0.0 -0.6023101210594177 0.0 0.0 1.0 0.5342189073562622
1.0 0.0 0.0 1.1824009418487549 0.0 1.0 0.0 -0.588427722454071 0.0 0.0 1.0 0.5329936742782593
1.0 0.0 0.0 1.1794837713241577 0.0 1.0 0.0 -0.5749980211257935 0.0 0.0 1.0 0.5314620733261108
1.0 0.0 0.0 1.1791722774505615 0.0 1.0 0.0 -0.5643879175186157 0.0 0.0 1.0 0.5310013294219971
1.0 0.0 0.0 1.1798198223114014 0.0 1.0 0.0 -0.5550623536109924 0.0 0.0 1.0 0.5302353501319885
1.0 0.0 0.0 1.178664207458496 0.0 1.0 0.0 -0.5461469888687134 0.0 0.0 1.0 0.5287551283836365
1.0 0.0 0.0 1.176388144493103 0.0 1.0 0.0 -0.538399875164032 0.0 0.0 1.0 0.5268552303314209
1.0 0.0 0.0 1.1758543252944946 0.0 1.0 0.0 -0.5336843132972717 0.0 0.0 1.0 0.5255260467529297
1.0 0.0 0.0 1.1741819381713867 0.0 1.0 0.0 -0.5299713015556335 0.0 0.0 1.0 0.5237556099891663
1.0 0.0 0.0 1.1724088191986084 0.0 1.0 0.0 -0.5283397436141968 0.0 0.0 1.0 0.5221059918403625
1.0 0.0 0.0 1.1643532514572144 0.0 1.0 0.0 -0.5248663425445557 0.0 0.0 1.0 0.5178671479225159
1.0 0.0 0.0 1.1633665561676025 0.0 1.0 0.0 -0.5251080393791199 0.0 0.0 1.0 0.5165409445762634
1.0 0.0 0.0 1.1597135066986084 0.0 1.0 0.0 -0.5244976282119751 0.0 0.0 1.0 0.514492392539978
1.0 0.0 0.0 1.1556158065795898 0.0 1.0 0.0 -0.5237017273902893 0.0 0.0 1.0 0.5121898651123047
1.0 0.0 0.0 1.1563962697982788 0.0 1.0 0.0 -0.5249118804931641 0.0 0.0 1.0 0.5117762684822083
1.0 0.0 0.0 1.1561342477798462 0.0 1.0 0.0 -0.5260160565376282 0.0 0.0 1.0 0.5110756158828735
1.0 0.0 0.0 1.1575987339019775 0.0 1.0 0.0 -0.5279113054275513 0.0 0.0 1.0 0.5110584497451782
1.0 0.0 0.0 1.1546289920806885 0.0 1.0 0.0 -0.5255947709083557 0.0 0.0 1.0 0.5104211568832397
1.0 0.0 0.0 1.1562175750732422 0.0 1.0 0.0 -0.5257877707481384 0.0 0.0 1.0 0.5112746357917786
1.0 0.0 0.0 1.1624270677566528 0.0 1.0 0.0 -0.5283836126327515 0.0 0.0 1.0 0.5136661529541016
1.0 0.0 0.0 1.157875895500183 0.0 1.0 0.0 -0.5256609916687012 0.0 0.0 1.0 0.5127848982810974
1.0 0.0 0.0 1.157875895500183 0.0 1.0 0.0 -0.5256609916687012 0.0 0.0 1.0 0.5127848982810974
1.0 0.0 0.0 1.1580286026000977 0.0 1.0 0.0 -0.5242133140563965 0.0 0.0 1.0 0.5149554014205933
1.0 0.0 0.0 1.1575872898101807 0.0 1.0 0.0 -0.5232716202735901 0.0 0.0 1.0 0.515930712223053
1.0 0.0 0.0 1.154376745223999 0.0 1.0 0.0 -0.5206765532493591 0.0 0.0 1.0 0.516139805316925
1.0 0.0 0.0 1.1525144577026367 0.0 1.0 0.0 -0.5183678865432739 0.0 0.0 1.0 0.5168202519416809
1.0 0.0 0.0 1.149277925491333 0.0 1.0 0.0 -0.5150256752967834 0.0 0.0 1.0 0.5168562531471252
1.0 0.0 0.0 1.149696946144104 0.0 1.0 0.0 -0.513289749622345 0.0 0.0 1.0 0.5178190469741821
1.0 0.0 0.0 1.1572202444076538 0.0 1.0 0.0 -0.5150958299636841 0.0 0.0 1.0 0.5207818150520325
1.0 0.0 0.0 1.1572734117507935 0.0 1.0 0.0 -0.5134657621383667 0.0 0.0 1.0 0.5211906433105469
1.0 0.0 0.0 1.1634323596954346 0.0 1.0 0.0 -0.5137553215026855 0.0 0.0 1.0 0.5225546956062317
1.0 0.0 0.0 1.163214087486267 0.0 1.0 0.0 -0.5140638947486877 0.0 0.0 1.0 0.5207540392875671
1.0 0.0 0.0 1.167297124862671 0.0 1.0 0.0 -0.5195284485816956 0.0 0.0 1.0 0.5199835896492004
1.0 0.0 0.0 1.170857548713684 0.0 1.0 0.0 -0.5246962308883667 0.0 0.0 1.0 0.5190711617469788
1.0 0.0 0.0 1.17183518409729 0.0 1.0 0.0 -0.5282238721847534 0.0 0.0 1.0 0.5174610018730164
1.0 0.0 0.0 1.1728107929229736 0.0 1.0 0.0 -0.530474066734314 0.0 0.0 1.0 0.5163355469703674
1.0 0.0 0.0 1.175181269645691 0.0 1.0 0.0 -0.5322176218032837 0.0 0.0 1.0 0.5158522725105286
1.0 0.0 0.0 1.1751880645751953 0.0 1.0 0.0 -0.5321635603904724 0.0 0.0 1.0 0.5148156881332397
1.0 0.0 0.0 1.175348162651062 0.0 1.0 0.0 -0.530867874622345 0.0 0.0 1.0 0.5137879252433777
1.0 0.0 0.0 1.1791917085647583 0.0 1.0 0.0 -0.5300516486167908 0.0 0.0 1.0 0.5139108300209045
1.0 0.0 0.0 1.1833189725875854 0.0 1.0 0.0 -0.5276486873626709 0.0 0.0 1.0 0.5137925744056702
1.0 0.0 0.0 1.1935417652130127 0.0 1.0 0.0 -0.525833010673523 0.0 0.0 1.0 0.5157800316810608
1.0 0.0 0.0 1.204217553138733 0.0 1.0 0.0 -0.5225428342819214 0.0 0.0 1.0 0.5179170966148376
1.0 0.0 0.0 1.2188535928726196 0.0 1.0 0.0 -0.5180476903915405 0.0 0.0 1.0 0.5209354758262634
1.0 0.0 0.0 1.2339502573013306 0.0 1.0 0.0 -0.5132544040679932 0.0 0.0 1.0 0.523380696773529
1.0 0.0 0.0 1.253013014793396 0.0 1.0 0.0 -0.5085132122039795 0.0 0.0 1.0 0.5253897309303284
1.0 0.0 0.0 1.2701826095581055 0.0 1.0 0.0 -0.5033791065216064 0.0 0.0 1.0 0.5294462442398071
1.0 0.0 0.0 1.2891584634780884 0.0 1.0 0.0 -0.49894070625305176 0.0 0.0 1.0 0.5338385701179504
1.0 0.0 0.0 1.3077300786972046 0.0 1.0 0.0 -0.49571943283081055 0.0 0.0 1.0 0.5384202003479004
1.0 0.0 0.0 1.328399658203125 0.0 1.0 0.0 -0.49095338582992554 0.0 0.0 1.0 0.5434101223945618
1.0 0.0 0.0 1.3492573499679565 0.0 1.0 0.0 -0.48539531230926514 0.0 0.0 1.0 0.5484120845794678
1.0 0.0 0.0 1.368268370628357 0.0 1.0 0.0 -0.48069244623184204 0.0 0.0 1.0 0.5527834296226501
1.0 0.0 0.0 1.3852168321609497 0.0 1.0 0.0 -0.4759795069694519 0.0 0.0 1.0 0.5569093227386475
1.0 0.0 0.0 1.4095444679260254 0.0 1.0 0.0 -0.4747012257575989 0.0 0.0 1.0 0.5626607537269592
1.0 0.0 0.0 1.4304310083389282 0.0 1.0 0.0 -0.4712812304496765 0.0 0.0 1.0 0.5676599144935608
1.0 0.0 0.0 1.4536057710647583 0.0 1.0 0.0 -0.4673019051551819 0.0 0.0 1.0 0.5725542306900024
1.0 0.0 0.0 1.4725722074508667 0.0 1.0 0.0 -0.46255266666412354 0.0 0.0 1.0 0.5753891468048096
1.0 0.0 0.0 1.4913967847824097 0.0 1.0 0.0 -0.4601286053657532 0.0 0.0 1.0 0.578032374382019
1.0 0.0 0.0 1.5017914772033691 0.0 1.0 0.0 -0.45603546500205994 0.0 0.0 1.0 0.5783098340034485
1.0 0.0 0.0 1.5145949125289917 0.0 1.0 0.0 -0.45534747838974 0.0 0.0 1.0 0.5792332291603088
1.0 0.0 0.0 1.5199851989746094 0.0 1.0 0.0 -0.4539065659046173 0.0 0.0 1.0 0.5780563950538635
1.0 0.0 0.0 1.5257948637008667 0.0 1.0 0.0 -0.45431211590766907 0.0 0.0 1.0 0.5771628022193909
1.0 0.0 0.0 1.5271430015563965 0.0 1.0 0.0 -0.453529953956604 0.0 0.0 1.0 0.5759599208831787
1.0 0.0 0.0 1.5332789421081543 0.0 1.0 0.0 -0.45384424924850464 0.0 0.0 1.0 0.5768947005271912
1.0 0.0 0.0 1.5366361141204834 0.0 1.0 0.0 -0.45301416516304016 0.0 0.0 1.0 0.577219545841217
1.0 0.0 0.0 1.5397478342056274 0.0 1.0 0.0 -0.4515196979045868 0.0 0.0 1.0 0.5787159204483032
1.0 0.0 0.0 1.5458070039749146 0.0 1.0 0.0 -0.4509075880050659 0.0 0.0 1.0 0.5812669992446899
1.0 0.0 0.0 1.5485166311264038 0.0 1.0 0.0 -0.44917500019073486 0.0 0.0 1.0 0.583558976650238
1.0 0.0 0.0 1.5485166311264038 0.0 1.0 0.0 -0.44917500019073486 0.0 0.0 1.0 0.583558976650238
1.0 0.0 0.0 1.5498954057693481 0.0 1.0 0.0 -0.44667914509773254 0.0 0.0 1.0 0.5891737937927246
1.0 0.0 0.0 1.5548431873321533 0.0 1.0 0.0 -0.44309425354003906 0.0 0.0 1.0 0.6061222553253174
1.0 0.0 0.0 1.5558301210403442 0.0 1.0 0.0 -0.4420051872730255 0.0 0.0 1.0 0.6136456727981567
1.0 0.0 0.0 1.5575003623962402 0.0 1.0 0.0 -0.44156479835510254 0.0 0.0 1.0 0.6213051676750183
1.0 0.0 0.0 1.5594358444213867 0.0 1.0 0.0 -0.4412713944911957 0.0 0.0 1.0 0.6286301612854004
1.0 0.0 0.0 1.5591362714767456 0.0 1.0 0.0 -0.44069817662239075 0.0 0.0 1.0 0.6338489651679993
1.0 0.0 0.0 1.5591448545455933 0.0 1.0 0.0 -0.4403865337371826 0.0 0.0 1.0 0.6372437477111816
1.0 0.0 0.0 1.5620856285095215 0.0 1.0 0.0 -0.44126880168914795 0.0 0.0 1.0 0.6396963596343994
1.0 0.0 0.0 1.5630873441696167 0.0 1.0 0.0 -0.4414941668510437 0.0 0.0 1.0 0.6404410600662231
1.0 0.0 0.0 1.563759207725525 0.0 1.0 0.0 -0.44158902764320374 0.0 0.0 1.0 0.6409929394721985
1.0 0.0 0.0 1.5597081184387207 0.0 1.0 0.0 -0.44079095125198364 0.0 0.0 1.0 0.639380931854248
1.0 0.0 0.0 1.5630422830581665 0.0 1.0 0.0 -0.4465470016002655 0.0 0.0 1.0 0.6406427025794983
1.0 0.0 0.0 1.561715841293335 0.0 1.0 0.0 -0.4523696303367615 0.0 0.0 1.0 0.6410253643989563
1.0 0.0 0.0 1.5611131191253662 0.0 1.0 0.0 -0.45977190136909485 0.0 0.0 1.0 0.6426070332527161
1.0 0.0 0.0 1.5621691942214966 0.0 1.0 0.0 -0.4670766592025757 0.0 0.0 1.0 0.6448807716369629
1.0 0.0 0.0 1.5599693059921265 0.0 1.0 0.0 -0.47313907742500305 0.0 0.0 1.0 0.6457183957099915
1.0 0.0 0.0 1.5611518621444702 0.0 1.0 0.0 -0.4795357882976532 0.0 0.0 1.0 0.6480140686035156
1.0 0.0 0.0 1.562401533126831 0.0 1.0 0.0 -0.47991833090782166 0.0 0.0 1.0 0.6484235525131226
1.0 0.0 0.0 1.564600944519043 0.0 1.0 0.0 -0.49013546109199524 0.0 0.0 1.0 0.6532831788063049
1.0 0.0 0.0 1.5666406154632568 0.0 1.0 0.0 -0.49445870518684387 0.0 0.0 1.0 0.6554956436157227
1.0 0.0 0.0 1.565428376197815 0.0 1.0 0.0 -0.49659332633018494 0.0 0.0 1.0 0.6570838093757629
1.0 0.0 0.0 1.5651220083236694 0.0 1.0 0.0 -0.4974859058856964 0.0 0.0 1.0 0.6585115790367126
1.0 0.0 0.0 1.5650677680969238 0.0 1.0 0.0 -0.4971015453338623 0.0 0.0 1.0 0.6595206260681152
1.0 0.0 0.0 1.566458821296692 0.0 1.0 0.0 -0.49673470854759216 0.0 0.0 1.0 0.6606579422950745
1.0 0.0 0.0 1.5652598142623901 0.0 1.0 0.0 -0.49509310722351074 0.0 0.0 1.0 0.660590410232544
1.0 0.0 0.0 1.5626263618469238 0.0 1.0 0.0 -0.49198344349861145 0.0 0.0 1.0 0.6596395969390869
1.0 0.0 0.0 1.5631766319274902 0.0 1.0 0.0 -0.49007681012153625 0.0 0.0 1.0 0.6595436930656433
1.0 0.0 0.0 1.5648633241653442 0.0 1.0 0.0 -0.48855724930763245 0.0 0.0 1.0 0.6596468091011047
1.0 0.0 0.0 1.5660876035690308 0.0 1.0 0.0 -0.48676177859306335 0.0 0.0 1.0 0.6595905423164368
1.0 0.0 0.0 1.5707793235778809 0.0 1.0 0.0 -0.486473947763443 0.0 0.0 1.0 0.6603238582611084
1.0 0.0 0.0 1.572989821434021 0.0 1.0 0.0 -0.4857577681541443 0.0 0.0 1.0 0.6604653596878052
1.0 0.0 0.0 1.572989821434021 0.0 1.0 0.0 -0.4857577681541443 0.0 0.0 1.0 0.6604653596878052
1.0 0.0 0.0 1.5735738277435303 0.0 1.0 0.0 -0.48647773265838623 0.0 0.0 1.0 0.661929726600647
1.0 0.0 0.0 1.572585940361023 0.0 1.0 0.0 -0.4869518578052521 0.0 0.0 1.0 0.6631233096122742
1.0 0.0 0.0 1.572974443435669 0.0 1.0 0.0 -0.48818936944007874 0.0 0.0 1.0 0.6651514768600464
1.0 0.0 0.0 1.574865460395813 0.0 1.0 0.0 -0.48989999294281006 0.0 0.0 1.0 0.6673073172569275
1.0 0.0 0.0 1.5770286321640015 0.0 1.0 0.0 -0.4910895526409149 0.0 0.0 1.0 0.6693217754364014
1.0 0.0 0.0 1.5734775066375732 0.0 1.0 0.0 -0.49033355712890625 0.0 0.0 1.0 0.6693136692047119
1.0 0.0 0.0 1.5770131349563599 0.0 1.0 0.0 -0.4912976324558258 0.0 0.0 1.0 0.6710471510887146
1.0 0.0 0.0 1.577734351158142 0.0 1.0 0.0 -0.490792840719223 0.0 0.0 1.0 0.6718571782112122
1.0 0.0 0.0 1.5563417673110962 0.0 1.0 0.0 -0.47485944628715515 0.0 0.0 1.0 0.6701453328132629
1.0 0.0 0.0 1.554298996925354 0.0 1.0 0.0 -0.4763014018535614 0.0 0.0 1.0 0.6682625412940979
1.0 0.0 0.0 1.5575934648513794 0.0 1.0 0.0 -0.4783061444759369 0.0 0.0 1.0 0.6691038012504578
1.0 0.0 0.0 1.5591955184936523 0.0 1.0 0.0 -0.47986847162246704 0.0 0.0 1.0 0.6695245504379272
1.0 0.0 0.0 1.5568292140960693 0.0 1.0 0.0 -0.4811384379863739 0.0 0.0 1.0 0.6687925457954407
1.0 0.0 0.0 1.5602983236312866 0.0 1.0 0.0 -0.483401358127594 0.0 0.0 1.0 0.6702360510826111
1.0 0.0 0.0 1.56184720993042 0.0 1.0 0.0 -0.4851854741573334 0.0 0.0 1.0 0.6709299683570862
1.0 0.0 0.0 1.5632710456848145 0.0 1.0 0.0 -0.48630571365356445 0.0 0.0 1.0 0.6719351410865784
1.0 0.0 0.0 1.5669472217559814 0.0 1.0 0.0 -0.48835819959640503 0.0 0.0 1.0 0.6734583377838135
1.0 0.0 0.0 1.5686434507369995 0.0 1.0 0.0 -0.4899982213973999 0.0 0.0 1.0 0.6742172241210938
1.0 0.0 0.0 1.5693292617797852 0.0 1.0 0.0 -0.49142107367515564 0.0 0.0 1.0 0.6743355393409729
1.0 0.0 0.0 1.5692273378372192 0.0 1.0 0.0 -0.49276798963546753 0.0 0.0 1.0 0.6743869781494141
1.0 0.0 0.0 1.5744893550872803 0.0 1.0 0.0 -0.4949789345264435 0.0 0.0 1.0 0.676550030708313
1.0 0.0 0.0 1.5733723640441895 0.0 1.0 0.0 -0.4947598874568939 0.0 0.0 1.0 0.6763730049133301
1.0 0.0 0.0 1.5749194622039795 0.0 1.0 0.0 -0.4970899224281311 0.0 0.0 1.0 0.6762962341308594
1.0 0.0 0.0 1.5745577812194824 0.0 1.0 0.0 -0.5016114115715027 0.0 0.0 1.0 0.6748647093772888
1.0 0.0 0.0 1.5782705545425415 0.0 1.0 0.0 -0.5123767852783203 0.0 0.0 1.0 0.6748111248016357
1.0 0.0 0.0 1.5816160440444946 0.0 1.0 0.0 -0.5234479904174805 0.0 0.0 1.0 0.6752921342849731
1.0 0.0 0.0 1.5899285078048706 0.0 1.0 0.0 -0.5371085405349731 0.0 0.0 1.0 0.6776018738746643
1.0 0.0 0.0 1.5930538177490234 0.0 1.0 0.0 -0.5500273108482361 0.0 0.0 1.0 0.678037703037262
1.0 0.0 0.0 1.5951520204544067 0.0 1.0 0.0 -0.5639910101890564 0.0 0.0 1.0 0.6778967976570129
1.0 0.0 0.0 1.5769189596176147 0.0 1.0 0.0 -0.569756805896759 0.0 0.0 1.0 0.691173255443573
1.0 0.0 0.0 1.577143669128418 0.0 1.0 0.0 -0.5796605348587036 0.0 0.0 1.0 0.6924661993980408
1.0 0.0 0.0 1.5829113721847534 0.0 1.0 0.0 -0.5875786542892456 0.0 0.0 1.0 0.6878917813301086
1.0 0.0 0.0 1.5864619016647339 0.0 1.0 0.0 -0.5900669097900391 0.0 0.0 1.0 0.6834996938705444
1.0 0.0 0.0 1.5880182981491089 0.0 1.0 0.0 -0.5882861614227295 0.0 0.0 1.0 0.6782779097557068
1.0 0.0 0.0 1.5918700695037842 0.0 1.0 0.0 -0.5866684913635254 0.0 0.0 1.0 0.6743488907814026
1.0 0.0 0.0 1.5942703485488892 0.0 1.0 0.0 -0.5845056772232056 0.0 0.0 1.0 0.6707330942153931
1.0 0.0 0.0 1.596145749092102 0.0 1.0 0.0 -0.5834010243415833 0.0 0.0 1.0 0.6688794493675232
1.0 0.0 0.0 1.5963037014007568 0.0 1.0 0.0 -0.583626389503479 0.0 0.0 1.0 0.6679655313491821
1.0 0.0 0.0 1.5979104042053223 0.0 1.0 0.0 -0.5867111086845398 0.0 0.0 1.0 0.6690101623535156
1.0 0.0 0.0 1.602329134941101 0.0 1.0 0.0 -0.5939143896102905 0.0 0.0 1.0 0.6719822287559509
1.0 0.0 0.0 1.6055022478103638 0.0 1.0 0.0 -0.6044744849205017 0.0 0.0 1.0 0.6750877499580383
1.0 0.0 0.0 1.6090517044067383 0.0 1.0 0.0 -0.6168038249015808 0.0 0.0 1.0 0.677688717842102
1.0 0.0 0.0 1.6146427392959595 0.0 1.0 0.0 -0.6281149983406067 0.0 0.0 1.0 0.6802332401275635
1.0 0.0 0.0 1.6182975769042969 0.0 1.0 0.0 -0.6382696032524109 0.0 0.0 1.0 0.6815040707588196
1.0 0.0 0.0 1.6243605613708496 0.0 1.0 0.0 -0.6487476825714111 0.0 0.0 1.0 0.6827263236045837
1.0 0.0 0.0 1.6303629875183105 0.0 1.0 0.0 -0.6575754880905151 0.0 0.0 1.0 0.6833983659744263
1.0 0.0 0.0 1.6352256536483765 0.0 1.0 0.0 -0.6628850698471069 0.0 0.0 1.0 0.6831139326095581
1.0 0.0 0.0 1.629442572593689 0.0 1.0 0.0 -0.6609278321266174 0.0 0.0 1.0 0.6785264015197754
1.0 0.0 0.0 1.6197727918624878 0.0 1.0 0.0 -0.655552864074707 0.0 0.0 1.0 0.6726945638656616
1.0 0.0 0.0 1.6185951232910156 0.0 1.0 0.0 -0.6487498879432678 0.0 0.0 1.0 0.6581750512123108
1.0 0.0 0.0 1.6145986318588257 0.0 1.0 0.0 -0.6473140716552734 0.0 0.0 1.0 0.6588870286941528
1.0 0.0 0.0 1.6079142093658447 0.0 1.0 0.0 -0.6459301710128784 0.0 0.0 1.0 0.659673810005188
1.0 0.0 0.0 1.6016156673431396 0.0 1.0 0.0 -0.6463098526000977 0.0 0.0 1.0 0.6611239910125732
1.0 0.0 0.0 1.6004765033721924 0.0 1.0 0.0 -0.6497765779495239 0.0 0.0 1.0 0.6630919575691223
1.0 0.0 0.0 1.5966418981552124 0.0 1.0 0.0 -0.65064537525177 0.0 0.0 1.0 0.6640111804008484
1.0 0.0 0.0 1.5932986736297607 0.0 1.0 0.0 -0.650429904460907 0.0 0.0 1.0 0.6641988754272461
1.0 0.0 0.0 1.5965253114700317 0.0 1.0 0.0 -0.6528253555297852 0.0 0.0 1.0 0.6661977171897888
1.0 0.0 0.0 1.594697117805481 0.0 1.0 0.0 -0.6528980731964111 0.0 0.0 1.0 0.6664867997169495
1.0 0.0 0.0 1.5513315200805664 0.0 1.0 0.0 -0.633769690990448 0.0 0.0 1.0 0.6689620614051819
1.0 0.0 0.0 1.5550287961959839 0.0 1.0 0.0 -0.636476457118988 0.0 0.0 1.0 0.6678395867347717
1.0 0.0 0.0 1.557232141494751 0.0 1.0 0.0 -0.638532280921936 0.0 0.0 1.0 0.6673070788383484
1.0 0.0 0.0 1.5613504648208618 0.0 1.0 0.0 -0.6415060758590698 0.0 0.0 1.0 0.6679822206497192
1.0 0.0 0.0 1.5636976957321167 0.0 1.0 0.0 -0.6438645720481873 0.0 0.0 1.0 0.6678416728973389
1.0 0.0 0.0 1.5633927583694458 0.0 1.0 0.0 -0.6448295712471008 0.0 0.0 1.0 0.6673928499221802
1.0 0.0 0.0 1.5667099952697754 0.0 1.0 0.0 -0.647443950176239 0.0 0.0 1.0 0.6680065393447876
1.0 0.0 0.0 1.5672272443771362 0.0 1.0 0.0 -0.6487182378768921 0.0 0.0 1.0 0.6681613326072693
1.0 0.0 0.0 1.569719910621643 0.0 1.0 0.0 -0.650923490524292 0.0 0.0 1.0 0.6686391234397888
1.0 0.0 0.0 1.5708324909210205 0.0 1.0 0.0 -0.6523994207382202 0.0 0.0 1.0 0.6686030030250549
1.0 0.0 0.0 1.571660041809082 0.0 1.0 0.0 -0.6533655524253845 0.0 0.0 1.0 0.6683236360549927
1.0 0.0 0.0 1.5724583864212036 0.0 1.0 0.0 -0.6540454626083374 0.0 0.0 1.0 0.6680089831352234
1.0 0.0 0.0 1.5724139213562012 0.0 1.0 0.0 -0.6541924476623535 0.0 0.0 1.0 0.6674091219902039
1.0 0.0 0.0 1.5731990337371826 0.0 1.0 0.0 -0.6545254588127136 0.0 0.0 1.0 0.667187511920929
1.0 0.0 0.0 1.5745083093643188 0.0 1.0 0.0 -0.655129075050354 0.0 0.0 1.0 0.667108952999115
1.0 0.0 0.0 1.5772037506103516 0.0 1.0 0.0 -0.6565120816230774 0.0 0.0 1.0 0.6675185561180115
1.0 0.0 0.0 1.5766375064849854 0.0 1.0 0.0 -0.6562809944152832 0.0 0.0 1.0 0.6670328378677368
1.0 0.0 0.0 1.5772995948791504 0.0 1.0 0.0 -0.6567742824554443 0.0 0.0 1.0 0.6671010255813599
1.0 0.0 0.0 1.5774234533309937 0.0 1.0 0.0 -0.6569519639015198 0.0 0.0 1.0 0.6668979525566101
1.0 0.0 0.0 1.5776196718215942 0.0 1.0 0.0 -0.6572458148002625 0.0 0.0 1.0 0.6667914986610413
1.0 0.0 0.0 1.581321120262146 0.0 1.0 0.0 -0.6593225002288818 0.0 0.0 1.0 0.6679649949073792
1.0 0.0 0.0 1.580473780632019 0.0 1.0 0.0 -0.6592326164245605 0.0 0.0 1.0 0.6676382422447205
1.0 0.0 0.0 1.5798194408416748 0.0 1.0 0.0 -0.6594729423522949 0.0 0.0 1.0 0.6674814224243164
1.0 0.0 0.0 1.5853010416030884 0.0 1.0 0.0 -0.6624686121940613 0.0 0.0 1.0 0.6693465113639832
1.0 0.0 0.0 1.5820751190185547 0.0 1.0 0.0 -0.6613802313804626 0.0 0.0 1.0 0.6685211658477783
1.0 0.0 0.0 1.5825326442718506 0.0 1.0 0.0 -0.6616069078445435 0.0 0.0 1.0 0.6688135266304016
1.0 0.0 0.0 1.5819942951202393 0.0 1.0 0.0 -0.6612012386322021 0.0 0.0 1.0 0.6687515377998352
1.0 0.0 0.0 1.580053448677063 0.0 1.0 0.0 -0.6603144407272339 0.0 0.0 1.0 0.668224573135376
1.0 0.0 0.0 1.5788174867630005 0.0 1.0 0.0 -0.6598290205001831 0.0 0.0 1.0 0.6678563952445984
1.0 0.0 0.0 1.5771182775497437 0.0 1.0 0.0 -0.6591106057167053 0.0 0.0 1.0 0.6673818826675415
1.0 0.0 0.0 1.5775773525238037 0.0 1.0 0.0 -0.6593743562698364 0.0 0.0 1.0 0.6675347685813904
1.0 0.0 0.0 1.5789072513580322 0.0 1.0 0.0 -0.6599952578544617 0.0 0.0 1.0 0.6679990887641907
1.0 0.0 0.0 1.5813971757888794 0.0 1.0 0.0 -0.6612342596054077 0.0 0.0 1.0 0.6687986254692078
1.0 0.0 0.0 1.5804286003112793 0.0 1.0 0.0 -0.6609500646591187 0.0 0.0 1.0 0.6684824824333191
1.0 0.0 0.0 1.5788378715515137 0.0 1.0 0.0 -0.6606892347335815 0.0 0.0 1.0 0.6683046817779541
1.0 0.0 0.0 1.5774779319763184 0.0 1.0 0.0 -0.6606489419937134 0.0 0.0 1.0 0.6681433320045471
1.0 0.0 0.0 1.5779829025268555 0.0 1.0 0.0 -0.6622265577316284 0.0 0.0 1.0 0.6686772704124451
1.0 0.0 0.0 1.5815112590789795 0.0 1.0 0.0 -0.6658233404159546 0.0 0.0 1.0 0.6700478196144104
1.0 0.0 0.0 1.5905256271362305 0.0 1.0 0.0 -0.6742960810661316 0.0 0.0 1.0 0.6731798052787781
1.0 0.0 0.0 1.6032403707504272 0.0 1.0 0.0 -0.6855858564376831 0.0 0.0 1.0 0.6772766709327698
1.0 0.0 0.0 1.6170955896377563 0.0 1.0 0.0 -0.6983196139335632 0.0 0.0 1.0 0.6812846660614014
1.0 0.0 0.0 1.6316038370132446 0.0 1.0 0.0 -0.7108332514762878 0.0 0.0 1.0 0.6842679381370544
1.0 0.0 0.0 1.6223684549331665 0.0 1.0 0.0 -0.7108423113822937 0.0 0.0 1.0 0.6899128556251526
1.0 0.0 0.0 1.631729245185852 0.0 1.0 0.0 -0.7171305418014526 0.0 0.0 1.0 0.687788188457489
1.0 0.0 0.0 1.6393013000488281 0.0 1.0 0.0 -0.7217768430709839 0.0 0.0 1.0 0.6859264969825745
1.0 0.0 0.0 1.6466703414916992 0.0 1.0 0.0 -0.7260292768478394 0.0 0.0 1.0 0.6844892501831055
1.0 0.0 0.0 1.6508585214614868 0.0 1.0 0.0 -0.7283099889755249 0.0 0.0 1.0 0.6820248961448669
1.0 0.0 0.0 1.6564785242080688 0.0 1.0 0.0 -0.731224000453949 0.0 0.0 1.0 0.6806321144104004
1.0 0.0 0.0 1.6580252647399902 0.0 1.0 0.0 -0.7321048378944397 0.0 0.0 1.0 0.6778438091278076
1.0 0.0 0.0 1.6572589874267578 0.0 1.0 0.0 -0.7320225238800049 0.0 0.0 1.0 0.6753931045532227
1.0 0.0 0.0 1.6613490581512451 0.0 1.0 0.0 -0.734602153301239 0.0 0.0 1.0 0.6754885911941528
1.0 0.0 0.0 1.6616721153259277 0.0 1.0 0.0 -0.7352922558784485 0.0 0.0 1.0 0.6750209927558899
1.0 0.0 0.0 1.6624726057052612 0.0 1.0 0.0 -0.7364001870155334 0.0 0.0 1.0 0.6763495802879333
1.0 0.0 0.0 1.6637828350067139 0.0 1.0 0.0 -0.7379257082939148 0.0 0.0 1.0 0.6786155700683594
1.0 0.0 0.0 1.663802981376648 0.0 1.0 0.0 -0.738681435585022 0.0 0.0 1.0 0.6805053353309631
1.0 0.0 0.0 1.6651794910430908 0.0 1.0 0.0 -0.7400757670402527 0.0 0.0 1.0 0.6826562881469727
1.0 0.0 0.0 1.6666642427444458 0.0 1.0 0.0 -0.741439938545227 0.0 0.0 1.0 0.6847115755081177
1.0 0.0 0.0 1.6663929224014282 0.0 1.0 0.0 -0.741820216178894 0.0 0.0 1.0 0.6860329508781433
1.0 0.0 0.0 1.6681039333343506 0.0 1.0 0.0 -0.7431250810623169 0.0 0.0 1.0 0.687716543674469
1.0 0.0 0.0 1.6688565015792847 0.0 1.0 0.0 -0.7437712550163269 0.0 0.0 1.0 0.6889252066612244
1.0 0.0 0.0 1.6711238622665405 0.0 1.0 0.0 -0.7451432943344116 0.0 0.0 1.0 0.6902890205383301
1.0 0.0 0.0 1.671351671218872 0.0 1.0 0.0 -0.7454173564910889 0.0 0.0 1.0 0.6909061670303345
1.0 0.0 0.0 1.6748127937316895 0.0 1.0 0.0 -0.7468744516372681 0.0 0.0 1.0 0.6918076276779175
1.0 0.0 0.0 1.6787183284759521 0.0 1.0 0.0 -0.7483318448066711 0.0 0.0 1.0 0.6920287013053894
1.0 0.0 0.0 1.682694673538208 0.0 1.0 0.0 -0.7495043873786926 0.0 0.0 1.0 0.6914456486701965
1.0 0.0 0.0 1.6805918216705322 0.0 1.0 0.0 -0.7469095587730408 0.0 0.0 1.0 0.6870375871658325
1.0 0.0 0.0 1.6810779571533203 0.0 1.0 0.0 -0.747448205947876 0.0 0.0 1.0 0.6840548515319824
1.0 0.0 0.0 1.6774139404296875 0.0 1.0 0.0 -0.7461758255958557 0.0 0.0 1.0 0.680888831615448
1.0 0.0 0.0 1.6709752082824707 0.0 1.0 0.0 -0.7438238263130188 0.0 0.0 1.0 0.6792993545532227
1.0 0.0 0.0 1.6679078340530396 0.0 1.0 0.0 -0.7429094314575195 0.0 0.0 1.0 0.6791382431983948
1.0 0.0 0.0 1.6628468036651611 0.0 1.0 0.0 -0.740990936756134 0.0 0.0 1.0 0.6788482069969177
1.0 0.0 0.0 1.661678671836853 0.0 1.0 0.0 -0.7413427233695984 0.0 0.0 1.0 0.6803990602493286
1.0 0.0 0.0 1.6604281663894653 0.0 1.0 0.0 -0.7415843605995178 0.0 0.0 1.0 0.6819635033607483
1.0 0.0 0.0 1.6602815389633179 0.0 1.0 0.0 -0.7425552010536194 0.0 0.0 1.0 0.6837912797927856
1.0 0.0 0.0 1.6570425033569336 0.0 1.0 0.0 -0.7415894269943237 0.0 0.0 1.0 0.683991014957428
1.0 0.0 0.0 1.6563405990600586 0.0 1.0 0.0 -0.7412403225898743 0.0 0.0 1.0 0.6832488775253296
1.0 0.0 0.0 1.662625789642334 0.0 1.0 0.0 -0.7459075450897217 0.0 0.0 1.0 0.6804772019386292
1.0 0.0 0.0 1.6604156494140625 0.0 1.0 0.0 -0.7442054748535156 0.0 0.0 1.0 0.680605411529541
1.0 0.0 0.0 1.658268690109253 0.0 1.0 0.0 -0.7422691583633423 0.0 0.0 1.0 0.6806170344352722
1.0 0.0 0.0 1.657804250717163 0.0 1.0 0.0 -0.7413486838340759 0.0 0.0 1.0 0.6808823347091675
1.0 0.0 0.0 1.6574100255966187 0.0 1.0 0.0 -0.7405341863632202 0.0 0.0 1.0 0.6810614466667175
1.0 0.0 0.0 1.6553398370742798 0.0 1.0 0.0 -0.738853394985199 0.0 0.0 1.0 0.6806498765945435
1.0 0.0 0.0 1.6569504737854004 0.0 1.0 0.0 -0.7391928434371948 0.0 0.0 1.0 0.6812117695808411
1.0 0.0 0.0 1.6570699214935303 0.0 1.0 0.0 -0.7387170195579529 0.0 0.0 1.0 0.6812859177589417
1.0 0.0 0.0 1.6570755243301392 0.0 1.0 0.0 -0.7384781837463379 0.0 0.0 1.0 0.6813456416130066
1.0 0.0 0.0 1.6562819480895996 0.0 1.0 0.0 -0.7380228042602539 0.0 0.0 1.0 0.681250810623169
1.0 0.0 0.0 1.6568455696105957 0.0 1.0 0.0 -0.7383856177330017 0.0 0.0 1.0 0.6814964413642883
1.0 0.0 0.0 1.6571805477142334 0.0 1.0 0.0 -0.7385152578353882 0.0 0.0 1.0 0.6816748380661011
1.0 0.0 0.0 1.656964898109436 0.0 1.0 0.0 -0.7383980751037598 0.0 0.0 1.0 0.6816107034683228
1.0 0.0 0.0 1.6588239669799805 0.0 1.0 0.0 -0.7396219968795776 0.0 0.0 1.0 0.6823237538337708
1.0 0.0 0.0 1.658862829208374 0.0 1.0 0.0 -0.7392175197601318 0.0 0.0 1.0 0.682300329208374
1.0 0.0 0.0 1.6599256992340088 0.0 1.0 0.0 -0.7334508299827576 0.0 0.0 1.0 0.6832137703895569
1.0 0.0 0.0 1.662518858909607 0.0 1.0 0.0 -0.7250791788101196 0.0 0.0 1.0 0.6844269633293152
1.0 0.0 0.0 1.6673355102539062 0.0 1.0 0.0 -0.71803879737854 0.0 0.0 1.0 0.6868387460708618
1.0 0.0 0.0 1.673715353012085 0.0 1.0 0.0 -0.7117522954940796 0.0 0.0 1.0 0.6894426941871643
1.0 0.0 0.0 1.679090142250061 0.0 1.0 0.0 -0.7061559557914734 0.0 0.0 1.0 0.6915572285652161
1.0 0.0 0.0 1.677557110786438 0.0 1.0 0.0 -0.7005919218063354 0.0 0.0 1.0 0.6910048127174377
1.0 0.0 0.0 1.6793814897537231 0.0 1.0 0.0 -0.6936006546020508 0.0 0.0 1.0 0.6918344497680664
1.0 0.0 0.0 1.6798993349075317 0.0 1.0 0.0 -0.6822312474250793 0.0 0.0 1.0 0.6923151612281799
1.0 0.0 0.0 1.6821297407150269 0.0 1.0 0.0 -0.6709519028663635 0.0 0.0 1.0 0.6923107504844666
1.0 0.0 0.0 1.686191439628601 0.0 1.0 0.0 -0.6612264513969421 0.0 0.0 1.0 0.6930542588233948
1.0 0.0 0.0 1.6917098760604858 0.0 1.0 0.0 -0.6500658988952637 0.0 0.0 1.0 0.694060206413269
1.0 0.0 0.0 1.6993640661239624 0.0 1.0 0.0 -0.6352106332778931 0.0 0.0 1.0 0.695996880531311
1.0 0.0 0.0 1.7109249830245972 0.0 1.0 0.0 -0.6183136701583862 0.0 0.0 1.0 0.6991152763366699
1.0 0.0 0.0 1.721355676651001 0.0 1.0 0.0 -0.5996528267860413 0.0 0.0 1.0 0.7020192742347717
1.0 0.0 0.0 1.7310549020767212 0.0 1.0 0.0 -0.581229567527771 0.0 0.0 1.0 0.704149603843689
1.0 0.0 0.0 1.7393460273742676 0.0 1.0 0.0 -0.5640685558319092 0.0 0.0 1.0 0.7060678601264954
1.0 0.0 0.0 1.7492620944976807 0.0 1.0 0.0 -0.5499817132949829 0.0 0.0 1.0 0.7088043689727783
1.0 0.0 0.0 1.758056640625 0.0 1.0 0.0 -0.5360643863677979 0.0 0.0 1.0 0.7109952569007874
1.0 0.0 0.0 1.7657235860824585 0.0 1.0 0.0 -0.5237764120101929 0.0 0.0 1.0 0.7138391137123108
1.0 0.0 0.0 1.7745933532714844 0.0 1.0 0.0 -0.5145893096923828 0.0 0.0 1.0 0.7175302505493164
1.0 0.0 0.0 1.781693458557129 0.0 1.0 0.0 -0.5066363215446472 0.0 0.0 1.0 0.7202950119972229
1.0 0.0 0.0 1.7892296314239502 0.0 1.0 0.0 -0.5013107657432556 0.0 0.0 1.0 0.7232039570808411
1.0 0.0 0.0 1.7896661758422852 0.0 1.0 0.0 -0.49899861216545105 0.0 0.0 1.0 0.7238707542419434
1.0 0.0 0.0 1.7884809970855713 0.0 1.0 0.0 -0.49709948897361755 0.0 0.0 1.0 0.7236173748970032
1.0 0.0 0.0 1.7884984016418457 0.0 1.0 0.0 -0.4959110915660858 0.0 0.0 1.0 0.7238651514053345
1.0 0.0 0.0 1.7891842126846313 0.0 1.0 0.0 -0.49494537711143494 0.0 0.0 1.0 0.7242554426193237
1.0 0.0 0.0 1.788393259048462 0.0 1.0 0.0 -0.49343761801719666 0.0 0.0 1.0 0.7240914702415466
1.0 0.0 0.0 1.789458990097046 0.0 1.0 0.0 -0.49159565567970276 0.0 0.0 1.0 0.7242437601089478
1.0 0.0 0.0 1.7925291061401367 0.0 1.0 0.0 -0.4900173544883728 0.0 0.0 1.0 0.7252193093299866
1.0 0.0 0.0 1.7965807914733887 0.0 1.0 0.0 -0.4882550835609436 0.0 0.0 1.0 0.7264536619186401
1.0 0.0 0.0 1.7979979515075684 0.0 1.0 0.0 -0.4860638976097107 0.0 0.0 1.0 0.7268414497375488
1.0 0.0 0.0 1.798802375793457 0.0 1.0 0.0 -0.4836936295032501 0.0 0.0 1.0 0.7268320322036743
1.0 0.0 0.0 1.7995045185089111 0.0 1.0 0.0 -0.48191848397254944 0.0 0.0 1.0 0.7266192436218262
1.0 0.0 0.0 1.7991068363189697 0.0 1.0 0.0 -0.4804057478904724 0.0 0.0 1.0 0.7262131571769714
1.0 0.0 0.0 1.8001036643981934 0.0 1.0 0.0 -0.4796343743801117 0.0 0.0 1.0 0.726402759552002
1.0 0.0 0.0 1.7999069690704346 0.0 1.0 0.0 -0.4790060818195343 0.0 0.0 1.0 0.7263240814208984
1.0 0.0 0.0 1.7993664741516113 0.0 1.0 0.0 -0.4790746867656708 0.0 0.0 1.0 0.7257896661758423
1.0 0.0 0.0 1.800766110420227 0.0 1.0 0.0 -0.479653924703598 0.0 0.0 1.0 0.7258542776107788
1.0 0.0 0.0 1.8018999099731445 0.0 1.0 0.0 -0.4803704619407654 0.0 0.0 1.0 0.7255823016166687
1.0 0.0 0.0 1.8013181686401367 0.0 1.0 0.0 -0.48036903142929077 0.0 0.0 1.0 0.7247833609580994
1.0 0.0 0.0 1.8026188611984253 0.0 1.0 0.0 -0.48043882846832275 0.0 0.0 1.0 0.7236637473106384
1.0 0.0 0.0 1.8029582500457764 0.0 1.0 0.0 -0.4803691804409027 0.0 0.0 1.0 0.7220536470413208
1.0 0.0 0.0 1.807034969329834 0.0 1.0 0.0 -0.48185670375823975 0.0 0.0 1.0 0.7206737995147705
1.0 0.0 0.0 1.8173720836639404 0.0 1.0 0.0 -0.4857849180698395 0.0 0.0 1.0 0.7212522029876709
1.0 0.0 0.0 1.830513596534729 0.0 1.0 0.0 -0.4907495081424713 0.0 0.0 1.0 0.7228814959526062
1.0 0.0 0.0 1.848149061203003 0.0 1.0 0.0 -0.4963221549987793 0.0 0.0 1.0 0.7260515093803406
1.0 0.0 0.0 1.868358850479126 0.0 1.0 0.0 -0.5043261647224426 0.0 0.0 1.0 0.7302984595298767
1.0 0.0 0.0 1.893545150756836 0.0 1.0 0.0 -0.514621376991272 0.0 0.0 1.0 0.7374676465988159
1.0 0.0 0.0 1.914584994316101 0.0 1.0 0.0 -0.5230680108070374 0.0 0.0 1.0 0.7432112693786621
1.0 0.0 0.0 1.9354276657104492 0.0 1.0 0.0 -0.5309255719184875 0.0 0.0 1.0 0.7487726211547852
1.0 0.0 0.0 1.950543761253357 0.0 1.0 0.0 -0.5375915169715881 0.0 0.0 1.0 0.7525565028190613
1.0 0.0 0.0 1.9594366550445557 0.0 1.0 0.0 -0.5422683358192444 0.0 0.0 1.0 0.7545247673988342
1.0 0.0 0.0 1.967450737953186 0.0 1.0 0.0 -0.545585572719574 0.0 0.0 1.0 0.7553496360778809
1.0 0.0 0.0 1.9724395275115967 0.0 1.0 0.0 -0.548018753528595 0.0 0.0 1.0 0.7556192278862
1.0 0.0 0.0 1.9767570495605469 0.0 1.0 0.0 -0.5501497387886047 0.0 0.0 1.0 0.7554107904434204
1.0 0.0 0.0 1.9817713499069214 0.0 1.0 0.0 -0.5524128675460815 0.0 0.0 1.0 0.7553200125694275
1.0 0.0 0.0 1.9858545064926147 0.0 1.0 0.0 -0.5544692873954773 0.0 0.0 1.0 0.755216121673584
1.0 0.0 0.0 1.9888445138931274 0.0 1.0 0.0 -0.5565972328186035 0.0 0.0 1.0 0.7550065517425537
1.0 0.0 0.0 1.9923847913742065 0.0 1.0 0.0 -0.5587185025215149 0.0 0.0 1.0 0.7549709677696228
1.0 0.0 0.0 1.996238112449646 0.0 1.0 0.0 -0.5605624318122864 0.0 0.0 1.0 0.7553489208221436
1.0 0.0 0.0 2.0006749629974365 0.0 1.0 0.0 -0.5615289211273193 0.0 0.0 1.0 0.756207287311554
1.0 0.0 0.0 1.9955189228057861 0.0 1.0 0.0 -0.5693038105964661 0.0 0.0 1.0 0.7650663256645203
1.0 0.0 0.0 1.995662808418274 0.0 1.0 0.0 -0.5758945941925049 0.0 0.0 1.0 0.7721297740936279
1.0 0.0 0.0 2.0003397464752197 0.0 1.0 0.0 -0.5729068517684937 0.0 0.0 1.0 0.7695561051368713
1.0 0.0 0.0 2.0059826374053955 0.0 1.0 0.0 -0.5709503889083862 0.0 0.0 1.0 0.7679735422134399
1.0 0.0 0.0 2.0102672576904297 0.0 1.0 0.0 -0.569151759147644 0.0 0.0 1.0 0.7661980390548706
1.0 0.0 0.0 2.0097415447235107 0.0 1.0 0.0 -0.5679964423179626 0.0 0.0 1.0 0.7638710141181946
1.0 0.0 0.0 2.010006904602051 0.0 1.0 0.0 -0.5676854848861694 0.0 0.0 1.0 0.7619032859802246
1.0 0.0 0.0 2.0086543560028076 0.0 1.0 0.0 -0.5673437714576721 0.0 0.0 1.0 0.7602640390396118
1.0 0.0 0.0 2.0085501670837402 0.0 1.0 0.0 -0.5674113631248474 0.0 0.0 1.0 0.7594068646430969
1.0 0.0 0.0 2.0109193325042725 0.0 1.0 0.0 -0.5679478645324707 0.0 0.0 1.0 0.7593719959259033
1.0 0.0 0.0 2.0144553184509277 0.0 1.0 0.0 -0.5688540935516357 0.0 0.0 1.0 0.7597084641456604
1.0 0.0 0.0 2.0137548446655273 0.0 1.0 0.0 -0.5689411759376526 0.0 0.0 1.0 0.7589865326881409
1.0 0.0 0.0 2.0131144523620605 0.0 1.0 0.0 -0.5690997242927551 0.0 0.0 1.0 0.7582540512084961
1.0 0.0 0.0 2.0152781009674072 0.0 1.0 0.0 -0.5692296028137207 0.0 0.0 1.0 0.7581565976142883
1.0 0.0 0.0 2.0153911113739014 0.0 1.0 0.0 -0.5681252479553223 0.0 0.0 1.0 0.7575646638870239
1.0 0.0 0.0 2.0150911808013916 0.0 1.0 0.0 -0.5636476278305054 0.0 0.0 1.0 0.7564146518707275
1.0 0.0 0.0 2.016484498977661 0.0 1.0 0.0 -0.5572675466537476 0.0 0.0 1.0 0.7553815245628357
1.0 0.0 0.0 2.0171592235565186 0.0 1.0 0.0 -0.5461415648460388 0.0 0.0 1.0 0.7538639307022095
1.0 0.0 0.0 2.0181267261505127 0.0 1.0 0.0 -0.5290995240211487 0.0 0.0 1.0 0.7520812153816223
1.0 0.0 0.0 2.016615152359009 0.0 1.0 0.0 -0.5071792006492615 0.0 0.0 1.0 0.7506201863288879
1.0 0.0 0.0 2.0179569721221924 0.0 1.0 0.0 -0.4819605350494385 0.0 0.0 1.0 0.7502384781837463
1.0 0.0 0.0 2.0169107913970947 0.0 1.0 0.0 -0.45407986640930176 0.0 0.0 1.0 0.7493671774864197
1.0 0.0 0.0 2.014981985092163 0.0 1.0 0.0 -0.42698800563812256 0.0 0.0 1.0 0.7497828006744385
1.0 0.0 0.0 2.0123045444488525 0.0 1.0 0.0 -0.4046395719051361 0.0 0.0 1.0 0.7508583664894104
1.0 0.0 0.0 2.0105957984924316 0.0 1.0 0.0 -0.3861010670661926 0.0 0.0 1.0 0.7524355053901672
1.0 0.0 0.0 2.0095021724700928 0.0 1.0 0.0 -0.37120112776756287 0.0 0.0 1.0 0.7539498209953308
1.0 0.0 0.0 2.007957935333252 0.0 1.0 0.0 -0.3589153289794922 0.0 0.0 1.0 0.7552421689033508
1.0 0.0 0.0 2.0059397220611572 0.0 1.0 0.0 -0.3490394055843353 0.0 0.0 1.0 0.7562819123268127
1.0 0.0 0.0 2.0058603286743164 0.0 1.0 0.0 -0.34113454818725586 0.0 0.0 1.0 0.7574511766433716
1.0 0.0 0.0 2.0054430961608887 0.0 1.0 0.0 -0.33461523056030273 0.0 0.0 1.0 0.7583338618278503
1.0 0.0 0.0 2.0048744678497314 0.0 1.0 0.0 -0.33021867275238037 0.0 0.0 1.0 0.7581826448440552
1.0 0.0 0.0 2.00701642036438 0.0 1.0 0.0 -0.32424449920654297 0.0 0.0 1.0 0.7584514021873474
1.0 0.0 0.0 2.0069632530212402 0.0 1.0 0.0 -0.3149883449077606 0.0 0.0 1.0 0.7579084038734436
1.0 0.0 0.0 2.007432699203491 0.0 1.0 0.0 -0.2994800806045532 0.0 0.0 1.0 0.7574832439422607
1.0 0.0 0.0 2.0054733753204346 0.0 1.0 0.0 -0.27318599820137024 0.0 0.0 1.0 0.7564583420753479
1.0 0.0 0.0 2.003716230392456 0.0 1.0 0.0 -0.23829609155654907 0.0 0.0 1.0 0.7557671070098877
1.0 0.0 0.0 2.0038418769836426 0.0 1.0 0.0 -0.2069167047739029 0.0 0.0 1.0 0.755858302116394
1.0 0.0 0.0 2.004077672958374 0.0 1.0 0.0 -0.17574259638786316 0.0 0.0 1.0 0.7557412385940552
1.0 0.0 0.0 2.005573034286499 0.0 1.0 0.0 -0.14078478515148163 0.0 0.0 1.0 0.7561979293823242
1.0 0.0 0.0 2.005300283432007 0.0 1.0 0.0 -0.10559500008821487 0.0 0.0 1.0 0.7564879059791565
1.0 0.0 0.0 2.004744291305542 0.0 1.0 0.0 -0.07098545879125595 0.0 0.0 1.0 0.7566640973091125
1.0 0.0 0.0 2.003486394882202 0.0 1.0 0.0 -0.04333160072565079 0.0 0.0 1.0 0.756519615650177
1.0 0.0 0.0 2.0045089721679688 0.0 1.0 0.0 -0.02124619670212269 0.0 0.0 1.0 0.7572636604309082
1.0 0.0 0.0 2.007951259613037 0.0 1.0 0.0 4.495680332183838e-05 0.0 0.0 1.0 0.7584113478660583
1.0 0.0 0.0 2.010894298553467 0.0 1.0 0.0 0.023057540878653526 0.0 0.0 1.0 0.759713351726532
1.0 0.0 0.0 2.015653133392334 0.0 1.0 0.0 0.048823773860931396 0.0 0.0 1.0 0.7614818215370178
1.0 0.0 0.0 2.0146520137786865 0.0 1.0 0.0 0.06903224438428879 0.0 0.0 1.0 0.7608309388160706
1.0 0.0 0.0 2.0129075050354004 0.0 1.0 0.0 0.08112698793411255 0.0 0.0 1.0 0.7597925662994385
1.0 0.0 0.0 2.0126707553863525 0.0 1.0 0.0 0.08933139592409134 0.0 0.0 1.0 0.7589837908744812
1.0 0.0 0.0 2.012674331665039 0.0 1.0 0.0 0.09541282057762146 0.0 0.0 1.0 0.7585320472717285
1.0 0.0 0.0 2.012406826019287 0.0 1.0 0.0 0.0992300882935524 0.0 0.0 1.0 0.7581079602241516
1.0 0.0 0.0 2.0129501819610596 0.0 1.0 0.0 0.10217432677745819 0.0 0.0 1.0 0.7579119801521301
1.0 0.0 0.0 2.013613700866699 0.0 1.0 0.0 0.10266658663749695 0.0 0.0 1.0 0.7580892443656921
1.0 0.0 0.0 2.013735771179199 0.0 1.0 0.0 0.10402695834636688 0.0 0.0 1.0 0.7578150629997253
1.0 0.0 0.0 2.016019344329834 0.0 1.0 0.0 0.10545723885297775 0.0 0.0 1.0 0.7584139108657837
1.0 0.0 0.0 2.0212395191192627 0.0 1.0 0.0 0.10812048614025116 0.0 0.0 1.0 0.7600003480911255
1.0 0.0 0.0 2.022606134414673 0.0 1.0 0.0 0.10808225721120834 0.0 0.0 1.0 0.7610048055648804
1.0 0.0 0.0 2.0222437381744385 0.0 1.0 0.0 0.10809220373630524 0.0 0.0 1.0 0.7618129253387451
1.0 0.0 0.0 2.017665147781372 0.0 1.0 0.0 0.10561347007751465 0.0 0.0 1.0 0.7612626552581787
1.0 0.0 0.0 2.0171711444854736 0.0 1.0 0.0 0.10605336725711823 0.0 0.0 1.0 0.7615846395492554
1.0 0.0 0.0 2.014958381652832 0.0 1.0 0.0 0.10551777482032776 0.0 0.0 1.0 0.7612362504005432
1.0 0.0 0.0 2.0150299072265625 0.0 1.0 0.0 0.10692568123340607 0.0 0.0 1.0 0.7611034512519836
1.0 0.0 0.0 2.0089144706726074 0.0 1.0 0.0 0.10446058213710785 0.0 0.0 1.0 0.7587706446647644
1.0 0.0 0.0 2.0061328411102295 0.0 1.0 0.0 0.1038418635725975 0.0 0.0 1.0 0.7564886808395386
1.0 0.0 0.0 2.003589153289795 0.0 1.0 0.0 0.10283266007900238 0.0 0.0 1.0 0.7541124820709229
1.0 0.0 0.0 2.0035829544067383 0.0 1.0 0.0 0.10353808104991913 0.0 0.0 1.0 0.75258868932724
1.0 0.0 0.0 2.003432273864746 0.0 1.0 0.0 0.10392321646213531 0.0 0.0 1.0 0.7510285973548889
1.0 0.0 0.0 2.0055086612701416 0.0 1.0 0.0 0.10584445297718048 0.0 0.0 1.0 0.7492865324020386
1.0 0.0 0.0 2.0056557655334473 0.0 1.0 0.0 0.10560077428817749 0.0 0.0 1.0 0.7458764910697937
1.0 0.0 0.0 2.006432056427002 0.0 1.0 0.0 0.10582771897315979 0.0 0.0 1.0 0.7424689531326294
1.0 0.0 0.0 2.008286237716675 0.0 1.0 0.0 0.10681106150150299 0.0 0.0 1.0 0.7400597929954529
1.0 0.0 0.0 1.9997918605804443 0.0 1.0 0.0 0.10975756496191025 0.0 0.0 1.0 0.7408555746078491
1.0 0.0 0.0 2.0079026222229004 0.0 1.0 0.0 0.11270873248577118 0.0 0.0 1.0 0.7394067049026489
1.0 0.0 0.0 2.0120849609375 0.0 1.0 0.0 0.11274083703756332 0.0 0.0 1.0 0.7378363013267517
1.0 0.0 0.0 2.0162312984466553 0.0 1.0 0.0 0.11380347609519958 0.0 0.0 1.0 0.7375572919845581
1.0 0.0 0.0 2.0183353424072266 0.0 1.0 0.0 0.11302105337381363 0.0 0.0 1.0 0.7372155785560608
1.0 0.0 0.0 2.0195021629333496 0.0 1.0 0.0 0.11211924999952316 0.0 0.0 1.0 0.7368054986000061
1.0 0.0 0.0 2.021871566772461 0.0 1.0 0.0 0.11312486976385117 0.0 0.0 1.0 0.7369970679283142
1.0 0.0 0.0 2.023071527481079 0.0 1.0 0.0 0.11364051699638367 0.0 0.0 1.0 0.7370175123214722
1.0 0.0 0.0 2.022939920425415 0.0 1.0 0.0 0.11363621056079865 0.0 0.0 1.0 0.736717939376831
1.0 0.0 0.0 2.0277273654937744 0.0 1.0 0.0 0.11229050904512405 0.0 0.0 1.0 0.728969395160675
1.0 0.0 0.0 2.0327389240264893 0.0 1.0 0.0 0.1122097596526146 0.0 0.0 1.0 0.7224214673042297
1.0 0.0 0.0 2.034452199935913 0.0 1.0 0.0 0.11057582497596741 0.0 0.0 1.0 0.7164328694343567
1.0 0.0 0.0 2.0363214015960693 0.0 1.0 0.0 0.10984089225530624 0.0 0.0 1.0 0.7121237516403198
1.0 0.0 0.0 2.036221742630005 0.0 1.0 0.0 0.10843008756637573 0.0 0.0 1.0 0.7084749937057495
1.0 0.0 0.0 2.0365707874298096 0.0 1.0 0.0 0.10813426226377487 0.0 0.0 1.0 0.7055209279060364
1.0 0.0 0.0 2.0370852947235107 0.0 1.0 0.0 0.10793387144804001 0.0 0.0 1.0 0.7034826874732971
1.0 0.0 0.0 2.0370852947235107 0.0 1.0 0.0 0.10793387144804001 0.0 0.0 1.0 0.7034826874732971
1.0 0.0 0.0 2.0381743907928467 0.0 1.0 0.0 0.10840335488319397 0.0 0.0 1.0 0.7003947496414185
1.0 0.0 0.0 2.039073944091797 0.0 1.0 0.0 0.10837168246507645 0.0 0.0 1.0 0.6993663311004639
1.0 0.0 0.0 2.0403614044189453 0.0 1.0 0.0 0.10864720493555069 0.0 0.0 1.0 0.6985808610916138
1.0 0.0 0.0 2.0415737628936768 0.0 1.0 0.0 0.10891961306333542 0.0 0.0 1.0 0.6979702711105347
1.0 0.0 0.0 2.0419859886169434 0.0 1.0 0.0 0.10857103019952774 0.0 0.0 1.0 0.6973510384559631
1.0 0.0 0.0 2.042224645614624 0.0 1.0 0.0 0.10829675197601318 0.0 0.0 1.0 0.6967379450798035
1.0 0.0 0.0 2.041276216506958 0.0 1.0 0.0 0.10752081125974655 0.0 0.0 1.0 0.6958889365196228
1.0 0.0 0.0 2.040097951889038 0.0 1.0 0.0 0.10713732242584229 0.0 0.0 1.0 0.6951514482498169
1.0 0.0 0.0 2.039659023284912 0.0 1.0 0.0 0.10762138664722443 0.0 0.0 1.0 0.6944656372070312
1.0 0.0 0.0 2.038875102996826 0.0 1.0 0.0 0.10798653215169907 0.0 0.0 1.0 0.6937944293022156
1.0 0.0 0.0 2.0373477935791016 0.0 1.0 0.0 0.10829571634531021 0.0 0.0 1.0 0.692900538444519
1.0 0.0 0.0 2.0356550216674805 0.0 1.0 0.0 0.10843601822853088 0.0 0.0 1.0 0.6921558976173401
1.0 0.0 0.0 2.033691883087158 0.0 1.0 0.0 0.1080014631152153 0.0 0.0 1.0 0.6914352178573608
1.0 0.0 0.0 2.032728672027588 0.0 1.0 0.0 0.10874278843402863 0.0 0.0 1.0 0.6906646490097046
1.0 0.0 0.0 2.031244993209839 0.0 1.0 0.0 0.1090511828660965 0.0 0.0 1.0 0.6900709271430969
1.0 0.0 0.0 2.029305934906006 0.0 1.0 0.0 0.10855554789304733 0.0 0.0 1.0 0.6896569132804871
1.0 0.0 0.0 2.028240442276001 0.0 1.0 0.0 0.10886620730161667 0.0 0.0 1.0 0.6892092227935791
1.0 0.0 0.0 2.028510570526123 0.0 1.0 0.0 0.11005213856697083 0.0 0.0 1.0 0.6890587210655212
1.0 0.0 0.0 2.0287442207336426 0.0 1.0 0.0 0.11075284332036972 0.0 0.0 1.0 0.6889950633049011
1.0 0.0 0.0 2.0282816886901855 0.0 1.0 0.0 0.11116767674684525 0.0 0.0 1.0 0.6887081265449524
1.0 0.0 0.0 2.0285043716430664 0.0 1.0 0.0 0.11136183887720108 0.0 0.0 1.0 0.6887819170951843
1.0 0.0 0.0 2.0287673473358154 0.0 1.0 0.0 0.11227741092443466 0.0 0.0 1.0 0.6886770725250244
1.0 0.0 0.0 2.027679204940796 0.0 1.0 0.0 0.11250805109739304 0.0 0.0 1.0 0.6882023811340332
1.0 0.0 0.0 2.0274932384490967 0.0 1.0 0.0 0.11281736940145493 0.0 0.0 1.0 0.6880947351455688
1.0 0.0 0.0 2.027369499206543 0.0 1.0 0.0 0.11361008137464523 0.0 0.0 1.0 0.6881021857261658
1.0 0.0 0.0 2.029083490371704 0.0 1.0 0.0 0.11488492041826248 0.0 0.0 1.0 0.6891144514083862
1.0 0.0 0.0 2.029280424118042 0.0 1.0 0.0 0.11516432464122772 0.0 0.0 1.0 0.6896628737449646
1.0 0.0 0.0 2.0285773277282715 0.0 1.0 0.0 0.1143634021282196 0.0 0.0 1.0 0.690319836139679
1.0 0.0 0.0 2.0287232398986816 0.0 1.0 0.0 0.11421792954206467 0.0 0.0 1.0 0.6904228329658508
1.0 0.0 0.0 2.0277719497680664 0.0 1.0 0.0 0.11285679042339325 0.0 0.0 1.0 0.6906639933586121
1.0 0.0 0.0 2.0279061794281006 0.0 1.0 0.0 0.1129656508564949 0.0 0.0 1.0 0.6912574172019958
1.0 0.0 0.0 2.0277352333068848 0.0 1.0 0.0 0.1133645549416542 0.0 0.0 1.0 0.6909598112106323
1.0 0.0 0.0 2.0269901752471924 0.0 1.0 0.0 0.11291851848363876 0.0 0.0 1.0 0.6911942362785339
1.0 0.0 0.0 2.0268189907073975 0.0 1.0 0.0 0.1126810610294342 0.0 0.0 1.0 0.6915282607078552
1.0 0.0 0.0 2.0272653102874756 0.0 1.0 0.0 0.11195072531700134 0.0 0.0 1.0 0.6922241449356079
1.0 0.0 0.0 2.027233123779297 0.0 1.0 0.0 0.11117491126060486 0.0 0.0 1.0 0.693279504776001
1.0 0.0 0.0 2.0274593830108643 0.0 1.0 0.0 0.11036954075098038 0.0 0.0 1.0 0.6938425898551941
1.0 0.0 0.0 2.0261781215667725 0.0 1.0 0.0 0.10840867459774017 0.0 0.0 1.0 0.6937920451164246
1.0 0.0 0.0 2.0273854732513428 0.0 1.0 0.0 0.0994907096028328 0.0 0.0 1.0 0.6975923776626587
1.0 0.0 0.0 2.028778553009033 0.0 1.0 0.0 0.08801094442605972 0.0 0.0 1.0 0.7021422386169434
1.0 0.0 0.0 2.0281684398651123 0.0 1.0 0.0 0.07636427879333496 0.0 0.0 1.0 0.7060249447822571
1.0 0.0 0.0 2.025850534439087 0.0 1.0 0.0 0.06659583002328873 0.0 0.0 1.0 0.7093095779418945
1.0 0.0 0.0 2.0248167514801025 0.0 1.0 0.0 0.05971703305840492 0.0 0.0 1.0 0.7115947604179382
1.0 0.0 0.0 2.025385856628418 0.0 1.0 0.0 0.05504303798079491 0.0 0.0 1.0 0.7132419347763062
1.0 0.0 0.0 2.0270800590515137 0.0 1.0 0.0 0.051787618547677994 0.0 0.0 1.0 0.7148473858833313
1.0 0.0 0.0 2.0274252891540527 0.0 1.0 0.0 0.04826784133911133 0.0 0.0 1.0 0.7160400748252869
1.0 0.0 0.0 2.0276167392730713 0.0 1.0 0.0 0.04879160225391388 0.0 0.0 1.0 0.7167659997940063
1.0 0.0 0.0 2.0276715755462646 0.0 1.0 0.0 0.04926103353500366 0.0 0.0 1.0 0.7173254489898682
1.0 0.0 0.0 2.0283987522125244 0.0 1.0 0.0 0.05067304149270058 0.0 0.0 1.0 0.7178163528442383
1.0 0.0 0.0 2.0291566848754883 0.0 1.0 0.0 0.05234837159514427 0.0 0.0 1.0 0.7182775139808655
1.0 0.0 0.0 2.0284810066223145 0.0 1.0 0.0 0.053073473274707794 0.0 0.0 1.0 0.7181318402290344
1.0 0.0 0.0 2.028825521469116 0.0 1.0 0.0 0.054086752235889435 0.0 0.0 1.0 0.7182014584541321
1.0 0.0 0.0 2.0281245708465576 0.0 1.0 0.0 0.05465339496731758 0.0 0.0 1.0 0.7179301977157593
1.0 0.0 0.0 2.028146982192993 0.0 1.0 0.0 0.05538908392190933 0.0 0.0 1.0 0.7178301215171814
1.0 0.0 0.0 2.0288190841674805 0.0 1.0 0.0 0.056475866585969925 0.0 0.0 1.0 0.7181404829025269
1.0 0.0 0.0 2.0288844108581543 0.0 1.0 0.0 0.05700935050845146 0.0 0.0 1.0 0.7180072665214539
1.0 0.0 0.0 2.0279688835144043 0.0 1.0 0.0 0.056784965097904205 0.0 0.0 1.0 0.7181418538093567
1.0 0.0 0.0 2.028402805328369 0.0 1.0 0.0 0.05734579637646675 0.0 0.0 1.0 0.7184574604034424
1.0 0.0 0.0 2.029176950454712 0.0 1.0 0.0 0.057970963418483734 0.0 0.0 1.0 0.7188947200775146
1.0 0.0 0.0 2.0293400287628174 0.0 1.0 0.0 0.058455027639865875 0.0 0.0 1.0 0.7189415097236633
1.0 0.0 0.0 2.029797077178955 0.0 1.0 0.0 0.05902407690882683 0.0 0.0 1.0 0.7190375924110413
1.0 0.0 0.0 2.0307397842407227 0.0 1.0 0.0 0.05963554233312607 0.0 0.0 1.0 0.7190386056900024
1.0 0.0 0.0 2.031283378601074 0.0 1.0 0.0 0.06008991599082947 0.0 0.0 1.0 0.7189627289772034
1.0 0.0 0.0 2.030524730682373 0.0 1.0 0.0 0.059663452208042145 0.0 0.0 1.0 0.7186751961708069
1.0 0.0 0.0 2.0313451290130615 0.0 1.0 0.0 0.06026880443096161 0.0 0.0 1.0 0.7186478972434998
1.0 0.0 0.0 2.031586170196533 0.0 1.0 0.0 0.06037705019116402 0.0 0.0 1.0 0.7185705304145813
1.0 0.0 0.0 2.0311195850372314 0.0 1.0 0.0 0.06018062308430672 0.0 0.0 1.0 0.7183088660240173
1.0 0.0 0.0 2.0299136638641357 0.0 1.0 0.0 0.05963806062936783 0.0 0.0 1.0 0.7179388403892517
1.0 0.0 0.0 2.0293943881988525 0.0 1.0 0.0 0.059550102800130844 0.0 0.0 1.0 0.7176896929740906
1.0 0.0 0.0 2.029181480407715 0.0 1.0 0.0 0.05954360589385033 0.0 0.0 1.0 0.7175336480140686
1.0 0.0 0.0 2.029866933822632 0.0 1.0 0.0 0.06018073484301567 0.0 0.0 1.0 0.7175112366676331
1.0 0.0 0.0 2.029179334640503 0.0 1.0 0.0 0.06010400876402855 0.0 0.0 1.0 0.7171928882598877
1.0 0.0 0.0 2.0300731658935547 0.0 1.0 0.0 0.06077379733324051 0.0 0.0 1.0 0.717226505279541
1.0 0.0 0.0 2.030467987060547 0.0 1.0 0.0 0.06128302589058876 0.0 0.0 1.0 0.7171149253845215
1.0 0.0 0.0 2.0306966304779053 0.0 1.0 0.0 0.06172260642051697 0.0 0.0 1.0 0.7169294953346252
1.0 0.0 0.0 2.0310187339782715 0.0 1.0 0.0 0.06210511177778244 0.0 0.0 1.0 0.7168436646461487
1.0 0.0 0.0 2.0308210849761963 0.0 1.0 0.0 0.062182456254959106 0.0 0.0 1.0 0.7166407108306885
1.0 0.0 0.0 2.0325231552124023 0.0 1.0 0.0 0.06324612349271774 0.0 0.0 1.0 0.7168494462966919
1.0 0.0 0.0 2.032909631729126 0.0 1.0 0.0 0.06376498192548752 0.0 0.0 1.0 0.7167259454727173
1.0 0.0 0.0 2.033491849899292 0.0 1.0 0.0 0.0640292689204216 0.0 0.0 1.0 0.716614305973053
1.0 0.0 0.0 2.0339319705963135 0.0 1.0 0.0 0.06412851065397263 0.0 0.0 1.0 0.7167562246322632
1.0 0.0 0.0 2.033860921859741 0.0 1.0 0.0 0.06400107592344284 0.0 0.0 1.0 0.7167467474937439
1.0 0.0 0.0 2.033966302871704 0.0 1.0 0.0 0.06420116126537323 0.0 0.0 1.0 0.71671462059021
1.0 0.0 0.0 2.033907651901245 0.0 1.0 0.0 0.06436118483543396 0.0 0.0 1.0 0.7167258262634277
1.0 0.0 0.0 2.033425807952881 0.0 1.0 0.0 0.06401234120130539 0.0 0.0 1.0 0.7167341113090515
1.0 0.0 0.0 2.033456563949585 0.0 1.0 0.0 0.06422785669565201 0.0 0.0 1.0 0.7168728113174438
1.0 0.0 0.0 2.0336596965789795 0.0 1.0 0.0 0.06454378366470337 0.0 0.0 1.0 0.7171229124069214
1.0 0.0 0.0 2.0332679748535156 0.0 1.0 0.0 0.0644669309258461 0.0 0.0 1.0 0.7171981930732727
1.0 0.0 0.0 2.033310890197754 0.0 1.0 0.0 0.06415960937738419 0.0 0.0 1.0 0.7174794673919678
1.0 0.0 0.0 2.0324807167053223 0.0 1.0 0.0 0.06254428625106812 0.0 0.0 1.0 0.7178840041160583
1.0 0.0 0.0 2.032196283340454 0.0 1.0 0.0 0.060032304376363754 0.0 0.0 1.0 0.7186847925186157
1.0 0.0 0.0 2.030059814453125 0.0 1.0 0.0 0.05441610887646675 0.0 0.0 1.0 0.7196277379989624
1.0 0.0 0.0 2.028301239013672 0.0 1.0 0.0 0.047544848173856735 0.0 0.0 1.0 0.7210072875022888
1.0 0.0 0.0 2.0256965160369873 0.0 1.0 0.0 0.0400468111038208 0.0 0.0 1.0 0.7223513126373291
1.0 0.0 0.0 2.0220043659210205 0.0 1.0 0.0 0.03265214338898659 0.0 0.0 1.0 0.7233074903488159
1.0 0.0 0.0 2.0195977687835693 0.0 1.0 0.0 0.02663777954876423 0.0 0.0 1.0 0.7241347432136536
1.0 0.0 0.0 2.0183067321777344 0.0 1.0 0.0 0.02222433313727379 0.0 0.0 1.0 0.7249796390533447
1.0 0.0 0.0 2.0182394981384277 0.0 1.0 0.0 0.01933390460908413 0.0 0.0 1.0 0.7257214784622192
1.0 0.0 0.0 2.0179619789123535 0.0 1.0 0.0 0.01670529507100582 0.0 0.0 1.0 0.7262659072875977
1.0 0.0 0.0 2.016817092895508 0.0 1.0 0.0 0.014631260186433792 0.0 0.0 1.0 0.7263419032096863
1.0 0.0 0.0 2.0167858600616455 0.0 1.0 0.0 0.014147564768791199 0.0 0.0 1.0 0.7264585494995117
1.0 0.0 0.0 2.018263101577759 0.0 1.0 0.0 0.014768235385417938 0.0 0.0 1.0 0.72679603099823
1.0 0.0 0.0 2.0199170112609863 0.0 1.0 0.0 0.01622646301984787 0.0 0.0 1.0 0.7269084453582764
1.0 0.0 0.0 2.0206758975982666 0.0 1.0 0.0 0.018483377993106842 0.0 0.0 1.0 0.7264420390129089
1.0 0.0 0.0 2.0209524631500244 0.0 1.0 0.0 0.02025589905679226 0.0 0.0 1.0 0.7256051898002625
1.0 0.0 0.0 2.021294116973877 0.0 1.0 0.0 0.012657416053116322 0.0 0.0 1.0 0.7201845049858093
1.0 0.0 0.0 2.0213048458099365 0.0 1.0 0.0 0.006003963761031628 0.0 0.0 1.0 0.715691328048706
1.0 0.0 0.0 2.0216825008392334 0.0 1.0 0.0 0.001750426017679274 0.0 0.0 1.0 0.7123414874076843
1.0 0.0 0.0 2.022676706314087 0.0 1.0 0.0 -0.0008968421607278287 0.0 0.0 1.0 0.7098957300186157
1.0 0.0 0.0 2.022686243057251 0.0 1.0 0.0 -0.0037060980685055256 0.0 0.0 1.0 0.7078734636306763
1.0 0.0 0.0 2.0252223014831543 0.0 1.0 0.0 -0.004888288211077452 0.0 0.0 1.0 0.7066145539283752
1.0 0.0 0.0 2.0269477367401123 0.0 1.0 0.0 -0.006565779913216829 0.0 0.0 1.0 0.7059248685836792
1.0 0.0 0.0 2.029917001724243 0.0 1.0 0.0 -0.006913002114742994 0.0 0.0 1.0 0.7061351537704468
1.0 0.0 0.0 2.0306355953216553 0.0 1.0 0.0 -0.008523915894329548 0.0 0.0 1.0 0.7058538198471069
1.0 0.0 0.0 2.032931089401245 0.0 1.0 0.0 -0.006224528886377811 0.0 0.0 1.0 0.7059170603752136
1.0 0.0 0.0 2.0355467796325684 0.0 1.0 0.0 -0.003874272108078003 0.0 0.0 1.0 0.7062864899635315
1.0 0.0 0.0 2.0358192920684814 0.0 1.0 0.0 -0.0033570050727576017 0.0 0.0 1.0 0.7059870362281799
1.0 0.0 0.0 2.036168098449707 0.0 1.0 0.0 -0.0027705077081918716 0.0 0.0 1.0 0.7058917880058289
1.0 0.0 0.0 2.0370569229125977 0.0 1.0 0.0 -0.001779738231562078 0.0 0.0 1.0 0.7060171961784363
1.0 0.0 0.0 2.037806987762451 0.0 1.0 0.0 -0.0011398718925192952 0.0 0.0 1.0 0.7060956358909607
1.0 0.0 0.0 2.0379631519317627 0.0 1.0 0.0 -0.000804976443760097 0.0 0.0 1.0 0.706034243106842
1.0 0.0 0.0 2.0375735759735107 0.0 1.0 0.0 -0.001127990777604282 0.0 0.0 1.0 0.7057125568389893
1.0 0.0 0.0 2.0389938354492188 0.0 1.0 0.0 -2.329253766220063e-05 0.0 0.0 1.0 0.7058979272842407
1.0 0.0 0.0 2.03813099861145 0.0 1.0 0.0 5.928537575528026e-06 0.0 0.0 1.0 0.7054879069328308
1.0 0.0 0.0 2.037266254425049 0.0 1.0 0.0 -2.4845910957083106e-05 0.0 0.0 1.0 0.7051393985748291
1.0 0.0 0.0 2.0365140438079834 0.0 1.0 0.0 -0.0002047430316451937 0.0 0.0 1.0 0.7048667073249817
1.0 0.0 0.0 2.036062479019165 0.0 1.0 0.0 -0.00012742534454446286 0.0 0.0 1.0 0.7046716809272766
1.0 0.0 0.0 2.036900281906128 0.0 1.0 0.0 0.0004964193794876337 0.0 0.0 1.0 0.7047726511955261
1.0 0.0 0.0 2.035849094390869 0.0 1.0 0.0 0.00015855988021939993 0.0 0.0 1.0 0.7045342326164246
1.0 0.0 0.0 2.036520481109619 0.0 1.0 0.0 0.0006831843056716025 0.0 0.0 1.0 0.7047232985496521
1.0 0.0 0.0 2.035813808441162 0.0 1.0 0.0 0.00020523639977909625 0.0 0.0 1.0 0.7043688297271729
1.0 0.0 0.0 2.034634590148926 0.0 1.0 0.0 -0.00044540336239151657 0.0 0.0 1.0 0.7041054964065552
1.0 0.0 0.0 2.03484845161438 0.0 1.0 0.0 -0.0005394243635237217 0.0 0.0 1.0 0.7039793729782104
1.0 0.0 0.0 2.035161018371582 0.0 1.0 0.0 -0.0003818565746769309 0.0 0.0 1.0 0.7040854692459106
1.0 0.0 0.0 2.0357046127319336 0.0 1.0 0.0 -0.0002367938868701458 0.0 0.0 1.0 0.704068660736084
1.0 0.0 0.0 2.035628318786621 0.0 1.0 0.0 -0.00019382502068765461 0.0 0.0 1.0 0.7041118144989014
1.0 0.0 0.0 2.0346555709838867 0.0 1.0 0.0 -0.0007203023415058851 0.0 0.0 1.0 0.7039610743522644
1.0 0.0 0.0 2.0346519947052 0.0 1.0 0.0 -0.0008628637297078967 0.0 0.0 1.0 0.7038980722427368
1.0 0.0 0.0 2.035252094268799 0.0 1.0 0.0 -0.0006979541503824294 0.0 0.0 1.0 0.7040101289749146
1.0 0.0 0.0 2.0354368686676025 0.0 1.0 0.0 -0.0006649585557170212 0.0 0.0 1.0 0.7039071321487427
1.0 0.0 0.0 2.035203456878662 0.0 1.0 0.0 0.00013089572894386947 0.0 0.0 1.0 0.7036415338516235
1.0 0.0 0.0 2.0358479022979736 0.0 1.0 0.0 0.0008511584019288421 0.0 0.0 1.0 0.7030489444732666
1.0 0.0 0.0 2.036302328109741 0.0 1.0 0.0 0.00155989162158221 0.0 0.0 1.0 0.7026883959770203
1.0 0.0 0.0 2.035447120666504 0.0 1.0 0.0 0.001586260972544551 0.0 0.0 1.0 0.7023900151252747
1.0 0.0 0.0 2.0343451499938965 0.0 1.0 0.0 0.0013390270760282874 0.0 0.0 1.0 0.7022730708122253
1.0 0.0 0.0 2.033372640609741 0.0 1.0 0.0 0.0011475312057882547 0.0 0.0 1.0 0.7022926211357117
1.0 0.0 0.0 2.032991886138916 0.0 1.0 0.0 0.0010824628407135606 0.0 0.0 1.0 0.7022747993469238
1.0 0.0 0.0 2.0327229499816895 0.0 1.0 0.0 0.0012188380351290107 0.0 0.0 1.0 0.7021501064300537
1.0 0.0 0.0 2.0324230194091797 0.0 1.0 0.0 0.0010458161123096943 0.0 0.0 1.0 0.7020593881607056
1.0 0.0 0.0 2.031830072402954 0.0 1.0 0.0 0.0010280434507876635 0.0 0.0 1.0 0.7019453048706055
1.0 0.0 0.0 2.032977819442749 0.0 1.0 0.0 0.0016788553912192583 0.0 0.0 1.0 0.7019227147102356
1.0 0.0 0.0 2.033911943435669 0.0 1.0 0.0 0.0021424945443868637 0.0 0.0 1.0 0.7020891904830933
1.0 0.0 0.0 2.034291982650757 0.0 1.0 0.0 0.002370499074459076 0.0 0.0 1.0 0.7022275328636169
1.0 0.0 0.0 2.033264398574829 0.0 1.0 0.0 0.001735551399178803 0.0 0.0 1.0 0.702002227306366
1.0 0.0 0.0 2.03316330909729 0.0 1.0 0.0 0.0015811045886948705 0.0 0.0 1.0 0.7016801834106445
1.0 0.0 0.0 2.0342469215393066 0.0 1.0 0.0 0.002481583273038268 0.0 0.0 1.0 0.7017403244972229
1.0 0.0 0.0 2.03346586227417 0.0 1.0 0.0 0.002193818334490061 0.0 0.0 1.0 0.7015231847763062
1.0 0.0 0.0 2.033850908279419 0.0 1.0 0.0 0.0021415241062641144 0.0 0.0 1.0 0.7010283470153809
1.0 0.0 0.0 2.0344414710998535 0.0 1.0 0.0 0.0022682296112179756 0.0 0.0 1.0 0.7010735273361206
1.0 0.0 0.0 2.0346553325653076 0.0 1.0 0.0 0.002144420286640525 0.0 0.0 1.0 0.700905442237854
1.0 0.0 0.0 2.0349061489105225 0.0 1.0 0.0 0.002096225041896105 0.0 0.0 1.0 0.7009848952293396
1.0 0.0 0.0 2.035052537918091 0.0 1.0 0.0 0.001951308804564178 0.0 0.0 1.0 0.7007977366447449
1.0 0.0 0.0 2.035228967666626 0.0 1.0 0.0 0.0018686639377847314 0.0 0.0 1.0 0.7007421851158142
1.0 0.0 0.0 2.035313367843628 0.0 1.0 0.0 0.001855524955317378 0.0 0.0 1.0 0.7007875442504883
1.0 0.0 0.0 2.036052942276001 0.0 1.0 0.0 0.002090051071718335 0.0 0.0 1.0 0.7007714509963989
1.0 0.0 0.0 2.0368988513946533 0.0 1.0 0.0 0.002400231547653675 0.0 0.0 1.0 0.7010286450386047
1.0 0.0 0.0 2.037587881088257 0.0 1.0 0.0 0.002542891539633274 0.0 0.0 1.0 0.7009784579277039
1.0 0.0 0.0 2.03808856010437 0.0 1.0 0.0 0.00255381572060287 0.0 0.0 1.0 0.7008093595504761
1.0 0.0 0.0 2.03939151763916 0.0 1.0 0.0 0.0029105469584465027 0.0 0.0 1.0 0.7005383968353271
1.0 0.0 0.0 2.0400240421295166 0.0 1.0 0.0 0.0034870649687945843 0.0 0.0 1.0 0.7005094289779663
1.0 0.0 0.0 2.040517807006836 0.0 1.0 0.0 0.004140154458582401 0.0 0.0 1.0 0.7006129622459412
1.0 0.0 0.0 2.042776107788086 0.0 1.0 0.0 0.0066784885711967945 0.0 0.0 1.0 0.7008177042007446
1.0 0.0 0.0 2.0433270931243896 0.0 1.0 0.0 0.009911816567182541 0.0 0.0 1.0 0.7007099986076355
1.0 0.0 0.0 2.042646884918213 0.0 1.0 0.0 0.012490722350776196 0.0 0.0 1.0 0.7009391188621521
1.0 0.0 0.0 2.040785074234009 0.0 1.0 0.0 0.020599856972694397 0.0 0.0 1.0 0.7017810940742493
1.0 0.0 0.0 2.036562204360962 0.0 1.0 0.0 0.02947535552084446 0.0 0.0 1.0 0.7022272348403931
1.0 0.0 0.0 2.0330810546875 0.0 1.0 0.0 0.037960201501846313 0.0 0.0 1.0 0.7031092047691345
1.0 0.0 0.0 2.0266900062561035 0.0 1.0 0.0 0.03630834072828293 0.0 0.0 1.0 0.7049646973609924
1.0 0.0 0.0 1.612403392791748 0.0 1.0 0.0 0.02939329296350479 0.0 0.0 1.0 0.5606936812400818
1.0 0.0 0.0 1.293113350868225 0.0 1.0 0.0 0.024045430123806 0.0 0.0 1.0 0.44951045513153076
1.0 0.0 0.0 1.049453616142273 0.0 1.0 0.0 0.020327545702457428 0.0 0.0 1.0 0.36454617977142334
1.0 0.0 0.0 0.8470260500907898 0.0 1.0 0.0 0.016543269157409668 0.0 0.0 1.0 0.294185072183609
1.0 0.0 0.0 0.6957767009735107 0.0 1.0 0.0 0.01403793878853321 0.0 0.0 1.0 0.2415081411600113
1.0 0.0 0.0 0.5762460827827454 0.0 1.0 0.0 0.012449339032173157 0.0 0.0 1.0 0.1997520476579666
1.0 0.0 0.0 0.4693092405796051 0.0 1.0 0.0 0.010795217007398605 0.0 0.0 1.0 0.16247014701366425
1.0 0.0 0.0 0.38004252314567566 0.0 1.0 0.0 0.0094040771946311 0.0 0.0 1.0 0.13135071098804474
1.0 0.0 0.0 0.30464720726013184 0.0 1.0 0.0 0.008385798893868923 0.0 0.0 1.0 0.10501560568809509
1.0 0.0 0.0 0.24165916442871094 0.0 1.0 0.0 0.007335529662668705 0.0 0.0 1.0 0.08307858556509018
1.0 0.0 0.0 0.18787583708763123 0.0 1.0 0.0 0.006765975616872311 0.0 0.0 1.0 0.0642397329211235
