1.0 0.0 0.0 4.781287994665641 0.0 1.0 0.0 1.137901070660797 0.0 0.0 1.0 0.853627369776538
1.0 0.0 0.0 4.786041333495327 0.0 1.0 0.0 1.127548209969875 0.0 0.0 1.0 0.863061962247597
1.0 0.0 0.0 4.792478741191201 0.0 1.0 0.0 1.117512914448467 0.0 0.0 1.0 0.870462673348362
1.0 0.0 0.0 4.802267804090152 0.0 1.0 0.0 1.098382244868234 0.0 0.0 1.0 0.879926789400952
1.0 0.0 0.0 4.807852068680913 0.0 1.0 0.0 1.088973875195441 0.0 0.0 1.0 0.882582008517037
1.0 0.0 0.0 4.813365185400787 0.0 1.0 0.0 1.079115553182956 0.0 0.0 1.0 0.884082799661012
1.0 0.0 0.0 4.818650944678128 0.0 1.0 0.0 1.069475534528382 0.0 0.0 1.0 0.884378254553171
1.0 0.0 0.0 4.824934037466594 0.0 1.0 0.0 1.059231612982318 0.0 0.0 1.0 0.883546836070086
1.0 0.0 0.0 4.833844029920074 0.0 1.0 0.0 1.050153232544828 0.0 0.0 1.0 0.881252501742044
1.0 0.0 0.0 4.839756545427121 0.0 1.0 0.0 1.039906038995581 0.0 0.0 1.0 0.877932474542392
1.0 0.0 0.0 4.847407711051957 0.0 1.0 0.0 1.030132978288399 0.0 0.0 1.0 0.873113293767041
1.0 0.0 0.0 4.85443945950834 0.0 1.0 0.0 1.007340351426689 0.0 0.0 1.0 0.858764460672747
1.0 0.0 0.0 4.857759306893499 0.0 1.0 0.0 0.995010886720496 0.0 0.0 1.0 0.849132306430463
1.0 0.0 0.0 4.861073822716016 0.0 1.0 0.0 0.982703925432974 0.0 0.0 1.0 0.839875751739902
1.0 0.0 0.0 4.8636144515764 0.0 1.0 0.0 0.969341236188189 0.0 0.0 1.0 0.83130784016345
1.0 0.0 0.0 4.865299680891155 0.0 1.0 0.0 0.956473035573834 0.0 0.0 1.0 0.825066269248643
1.0 0.0 0.0 4.865357750605601 0.0 1.0 0.0 0.929746420448064 0.0 0.0 1.0 0.817823211244867
1.0 0.0 0.0 4.864792384500083 0.0 1.0 0.0 0.915672653980772 0.0 0.0 1.0 0.816738652842869
1.0 0.0 0.0 4.863281177008807 0.0 1.0 0.0 0.902251888799286 0.0 0.0 1.0 0.817370128290252
1.0 0.0 0.0 4.837425728864401 0.0 1.0 0.0 0.856025071334366 0.0 0.0 1.0 0.836776984614067
1.0 0.0 0.0 4.811558130051557 0.0 1.0 0.0 0.839591271675492 0.0 0.0 1.0 0.866683815547348
1.0 0.0 0.0 4.798943751842494 0.0 1.0 0.0 0.838348159566931 0.0 0.0 1.0 0.878151012501057
1.0 0.0 0.0 4.754224163348894 0.0 1.0 0.0 0.840610650787277 0.0 0.0 1.0 0.899669264516648
1.0 0.0 0.0 4.737258377529058 0.0 1.0 0.0 0.847397807274389 0.0 0.0 1.0 0.904567093775154
1.0 0.0 0.0 4.719367448178175 0.0 1.0 0.0 0.8561483396872 0.0 0.0 1.0 0.905102587126487
1.0 0.0 0.0 3.574388974960173 0.0 1.0 0.0 2.013703931280717 0.0 0.0 1.0 0.53681050896211
1.0 0.0 0.0 3.465681454404147 0.0 1.0 0.0 2.167553061162605 0.0 0.0 1.0 0.487832102387475
1.0 0.0 0.0 3.409382587866251 0.0 1.0 0.0 2.2436227840168 0.0 0.0 1.0 0.462702887612819
1.0 0.0 0.0 3.352420881462207 0.0 1.0 0.0 2.318221032766171 0.0 0.0 1.0 0.437330234692645
1.0 0.0 0.0 3.295791346038181 0.0 1.0 0.0 2.395066655181657 0.0 0.0 1.0 0.411099830468245
1.0 0.0 0.0 3.1940031136478 0.0 1.0 0.0 2.55041564533397 0.0 0.0 1.0 0.356990938495144
1.0 0.0 0.0 3.141767826753559 0.0 1.0 0.0 2.625673297324163 0.0 0.0 1.0 0.334496633272275
1.0 0.0 0.0 3.088287310222782 0.0 1.0 0.0 2.701375490083742 0.0 0.0 1.0 0.313529335989346
1.0 0.0 0.0 3.038992462007705 0.0 1.0 0.0 2.773782373624756 0.0 0.0 1.0 0.295736392173822
1.0 0.0 0.0 2.983502264952419 0.0 1.0 0.0 2.851958926641466 0.0 0.0 1.0 0.279060785023639
1.0 0.0 0.0 2.900233180229122 0.0 1.0 0.0 3.019189036818588 0.0 0.0 1.0 0.246484185325819
1.0 0.0 0.0 2.853572188817544 0.0 1.0 0.0 3.090784164271016 0.0 0.0 1.0 0.237024089881789
1.0 0.0 0.0 2.807185915307394 0.0 1.0 0.0 3.169831945797667 0.0 0.0 1.0 0.22784050866903
1.0 0.0 0.0 2.384790881015876 0.0 1.0 0.0 3.963708170853719 0.0 0.0 1.0 0.229401706877546
1.0 0.0 0.0 2.306258727799702 0.0 1.0 0.0 4.103528521228134 0.0 0.0 1.0 0.250770587437033
1.0 0.0 0.0 2.238437133624795 0.0 1.0 0.0 4.254472244061997 0.0 0.0 1.0 0.270449093988619
1.0 0.0 0.0 2.203954743532036 0.0 1.0 0.0 4.325361797157949 0.0 0.0 1.0 0.281247643452521
1.0 0.0 0.0 2.16745073719071 0.0 1.0 0.0 4.398931298062433 0.0 0.0 1.0 0.293524847826394
1.0 0.0 0.0 2.143711923929295 0.0 1.0 0.0 4.497700242541188 0.0 0.0 1.0 0.299013487614214
1.0 0.0 0.0 2.106370073319595 0.0 1.0 0.0 4.566526018802644 0.0 0.0 1.0 0.312775013825087
1.0 0.0 0.0 2.069902918294011 0.0 1.0 0.0 4.636130107194465 0.0 0.0 1.0 0.326156991764973
1.0 0.0 0.0 2.031263710402133 0.0 1.0 0.0 4.698254297177136 0.0 0.0 1.0 0.340914025518736
1.0 0.0 0.0 1.992525774114621 0.0 1.0 0.0 4.765322389574953 0.0 0.0 1.0 0.356644061407196
1.0 0.0 0.0 1.953418312092289 0.0 1.0 0.0 4.83471004628895 0.0 0.0 1.0 0.371461802920432
1.0 0.0 0.0 1.932819726578846 0.0 1.0 0.0 4.942653643880306 0.0 0.0 1.0 0.374529825006803
1.0 0.0 0.0 1.894782012079346 0.0 1.0 0.0 5.015497815005009 0.0 0.0 1.0 0.385165760365646
1.0 0.0 0.0 1.860139635092638 0.0 1.0 0.0 5.078180797624239 0.0 0.0 1.0 0.393620587946872
1.0 0.0 0.0 1.782224280667006 0.0 1.0 0.0 5.210569474112719 0.0 0.0 1.0 0.408032406794203
1.0 0.0 0.0 1.742190436014424 0.0 1.0 0.0 5.276826379557069 0.0 0.0 1.0 0.413770210915119
1.0 0.0 0.0 1.704174203313264 0.0 1.0 0.0 5.341400037125674 0.0 0.0 1.0 0.417811572794463
1.0 0.0 0.0 1.660947021630771 0.0 1.0 0.0 5.408059178235883 0.0 0.0 1.0 0.422016300455449
1.0 0.0 0.0 1.641134455122274 0.0 1.0 0.0 5.520824011489938 0.0 0.0 1.0 0.413555275377462
1.0 0.0 0.0 1.600919318097066 0.0 1.0 0.0 5.584785087317457 0.0 0.0 1.0 0.415004397155813
1.0 0.0 0.0 1.518868713839826 0.0 1.0 0.0 5.712637511358923 0.0 0.0 1.0 0.413336732226691
1.0 0.0 0.0 1.479494401938807 0.0 1.0 0.0 5.774877946025267 0.0 0.0 1.0 0.410307504449436
1.0 0.0 0.0 1.434876063004031 0.0 1.0 0.0 5.836701122918717 0.0 0.0 1.0 0.40642686321647
1.0 0.0 0.0 1.404184004632604 0.0 1.0 0.0 5.938778259615753 0.0 0.0 1.0 0.39275283800042
1.0 0.0 0.0 1.360505868436354 0.0 1.0 0.0 5.99667816297995 0.0 0.0 1.0 0.386038955217784
1.0 0.0 0.0 1.31732746795478 0.0 1.0 0.0 6.053775528299895 0.0 0.0 1.0 0.378340108250531
1.0 0.0 0.0 1.227563421099615 0.0 1.0 0.0 6.168349712967051 0.0 0.0 1.0 0.363545465970959
1.0 0.0 0.0 1.179627178247973 0.0 1.0 0.0 6.223375593369608 0.0 0.0 1.0 0.358820511952345
1.0 0.0 0.0 1.131478435860355 0.0 1.0 0.0 6.278224642609774 0.0 0.0 1.0 0.35581807584091
1.0 0.0 0.0 1.091900176359369 0.0 1.0 0.0 6.37326246623022 0.0 0.0 1.0 0.346707659401621
1.0 0.0 0.0 1.041632490931907 0.0 1.0 0.0 6.425027310950195 0.0 0.0 1.0 0.347470165952344
1.0 0.0 0.0 0.946288782112835 0.0 1.0 0.0 6.524702242156755 0.0 0.0 1.0 0.352001865364716
1.0 0.0 0.0 0.846103211730491 0.0 1.0 0.0 6.614000616595414 0.0 0.0 1.0 0.36286652390799
1.0 0.0 0.0 0.794037263770041 0.0 1.0 0.0 6.656513145897718 0.0 0.0 1.0 0.37065110369405
1.0 0.0 0.0 0.69753951288432 0.0 1.0 0.0 6.763257167043378 0.0 0.0 1.0 0.383656805106686
1.0 0.0 0.0 0.64618050025096 0.0 1.0 0.0 6.797683030904149 0.0 0.0 1.0 0.39492579405143
1.0 0.0 0.0 0.594800871284528 0.0 1.0 0.0 6.828778625793594 0.0 0.0 1.0 0.407374431265491
1.0 0.0 0.0 0.544925075884614 0.0 1.0 0.0 6.85535784324752 0.0 0.0 1.0 0.420643140357938
1.0 0.0 0.0 0.489970850822101 0.0 1.0 0.0 6.880341268061351 0.0 0.0 1.0 0.4371515365451
1.0 0.0 0.0 0.438030265891189 0.0 1.0 0.0 6.91448853452059 0.0 0.0 1.0 0.451947799437666
1.0 0.0 0.0 0.384631795364987 0.0 1.0 0.0 6.930325354924884 0.0 0.0 1.0 0.468821461953634
1.0 0.0 0.0 0.278966581025495 0.0 1.0 0.0 6.95086852084114 0.0 0.0 1.0 0.498608536971797
1.0 0.0 0.0 0.224685644147171 0.0 1.0 0.0 6.957648066566804 0.0 0.0 1.0 0.511056872434878
1.0 0.0 0.0 0.167388429209275 0.0 1.0 0.0 6.960828571444266 0.0 0.0 1.0 0.522142444784123
1.0 0.0 0.0 0.113124480882433 0.0 1.0 0.0 6.95514577391302 0.0 0.0 1.0 0.531458377679083
1.0 0.0 0.0 0.05783829715105 0.0 1.0 0.0 6.948827276134836 0.0 0.0 1.0 0.539235167303487
1.0 0.0 0.0 0.003693681158669 0.0 1.0 0.0 6.939825872119354 0.0 0.0 1.0 0.545425117716521
1.0 0.0 0.0 -0.10696021214185 0.0 1.0 0.0 6.911928312270701 0.0 0.0 1.0 0.554110483908339
1.0 0.0 0.0 -0.16068143156625 0.0 1.0 0.0 6.892037307991224 0.0 0.0 1.0 0.556533230645811
1.0 0.0 0.0 -0.212166453541565 0.0 1.0 0.0 6.871629362444002 0.0 0.0 1.0 0.557784785307104
1.0 0.0 0.0 -0.313234280150756 0.0 1.0 0.0 6.792959850518823 0.0 0.0 1.0 0.564909564829751
1.0 0.0 0.0 -0.359848148431065 0.0 1.0 0.0 6.760813732375861 0.0 0.0 1.0 0.568460373758065
1.0 0.0 0.0 -0.405783753789814 0.0 1.0 0.0 6.724580622690342 0.0 0.0 1.0 0.573910406007668
1.0 0.0 0.0 -0.449545436365149 0.0 1.0 0.0 6.685339070600633 0.0 0.0 1.0 0.58098485980605
1.0 0.0 0.0 -0.489794501932172 0.0 1.0 0.0 6.644172179410679 0.0 0.0 1.0 0.589228681444213
1.0 0.0 0.0 -0.561675217032934 0.0 1.0 0.0 6.514464544010575 0.0 0.0 1.0 0.615653586578647
1.0 0.0 0.0 -0.597239660235414 0.0 1.0 0.0 6.467443957817642 0.0 0.0 1.0 0.628533763086941
1.0 0.0 0.0 -0.660179192162659 0.0 1.0 0.0 6.366878258321676 0.0 0.0 1.0 0.657927123929125
1.0 0.0 0.0 -0.68707432260358 0.0 1.0 0.0 6.310452111670796 0.0 0.0 1.0 0.67475774509888
1.0 0.0 0.0 -0.709974552002307 0.0 1.0 0.0 6.202621244166958 0.0 0.0 1.0 0.700053882523859
1.0 0.0 0.0 -0.733927000481041 0.0 1.0 0.0 6.149204391820391 0.0 0.0 1.0 0.716910678723939
1.0 0.0 0.0 -0.760348006955399 0.0 1.0 0.0 6.093373807610092 0.0 0.0 1.0 0.734484118088687
1.0 0.0 0.0 -0.803496654041101 0.0 1.0 0.0 5.98258479450022 0.0 0.0 1.0 0.762714819250585
1.0 0.0 0.0 -0.823266594319492 0.0 1.0 0.0 5.927411371254181 0.0 0.0 1.0 0.774229268082241
1.0 0.0 0.0 -0.85525314114922 0.0 1.0 0.0 5.812167647795488 0.0 0.0 1.0 0.792877644292671
1.0 0.0 0.0 -0.861793559391359 0.0 1.0 0.0 5.701805627402956 0.0 0.0 1.0 0.806152254789927
1.0 0.0 0.0 -0.882886623225121 0.0 1.0 0.0 5.589661742718374 0.0 0.0 1.0 0.815907533035624
1.0 0.0 0.0 -0.890562441097507 0.0 1.0 0.0 5.53479988364022 0.0 0.0 1.0 0.819364407105098
1.0 0.0 0.0 -0.895229275160399 0.0 1.0 0.0 5.478206052219902 0.0 0.0 1.0 0.821744427799121
1.0 0.0 0.0 -0.896621348665754 0.0 1.0 0.0 5.42304535847549 0.0 0.0 1.0 0.823380480384885
1.0 0.0 0.0 -0.89528229296891 0.0 1.0 0.0 5.368242753940703 0.0 0.0 1.0 0.824431055802634
1.0 0.0 0.0 -0.88161375892822 0.0 1.0 0.0 5.259188082384759 0.0 0.0 1.0 0.832747441377597
1.0 0.0 0.0 -0.873292110022284 0.0 1.0 0.0 5.203727008203743 0.0 0.0 1.0 0.835666506543507
1.0 0.0 0.0 -0.861418726331108 0.0 1.0 0.0 5.149075201899563 0.0 0.0 1.0 0.840278747146059
1.0 0.0 0.0 -0.826972903849084 0.0 1.0 0.0 5.038151164552018 0.0 0.0 1.0 0.85500154543268
1.0 0.0 0.0 -0.803611244078186 0.0 1.0 0.0 4.983893253901486 0.0 0.0 1.0 0.864157388940718
1.0 0.0 0.0 -0.778940369927015 0.0 1.0 0.0 4.930737065408914 0.0 0.0 1.0 0.872658997509216
1.0 0.0 0.0 -0.739846662710661 0.0 1.0 0.0 4.82541308684611 0.0 0.0 1.0 0.886907078764438
1.0 0.0 0.0 -0.707833453943382 0.0 1.0 0.0 4.771864240693551 0.0 0.0 1.0 0.89273402549232
1.0 0.0 0.0 -0.636123916795082 0.0 1.0 0.0 4.677695768875728 0.0 0.0 1.0 0.896681096525159
1.0 0.0 0.0 -0.587122533584206 0.0 1.0 0.0 4.570143593908327 0.0 0.0 1.0 0.903551503214741
1.0 0.0 0.0 -0.50303924338986 0.0 1.0 0.0 4.519582760138683 0.0 0.0 1.0 0.890569886856565
1.0 0.0 0.0 -0.453211984059862 0.0 1.0 0.0 4.428686038348199 0.0 0.0 1.0 0.891979056094076
1.0 0.0 0.0 -0.397709828922095 0.0 1.0 0.0 4.377284462695229 0.0 0.0 1.0 0.884912680399585
1.0 0.0 0.0 -0.289578425306458 0.0 1.0 0.0 4.329854761040719 0.0 0.0 1.0 0.862223118799872
1.0 0.0 0.0 -0.231810961141075 0.0 1.0 0.0 4.280739108047478 0.0 0.0 1.0 0.855792310252674
1.0 0.0 0.0 -0.169129492067115 0.0 1.0 0.0 4.235110080444219 0.0 0.0 1.0 0.849303061313295
1.0 0.0 0.0 -0.033729702349907 0.0 1.0 0.0 4.073949531716268 0.0 0.0 1.0 0.853016890600277
1.0 0.0 0.0 0.187929314829192 0.0 1.0 0.0 4.012950226202867 0.0 0.0 1.0 0.84037961704506
1.0 0.0 0.0 1.347216305130112 0.0 1.0 0.0 3.366586752909581 0.0 0.0 1.0 0.810367577267989
1.0 0.0 0.0 1.441666226394428 0.0 1.0 0.0 3.321393022055083 0.0 0.0 1.0 0.808949231060021
1.0 0.0 0.0 1.528525727258812 0.0 1.0 0.0 3.235378714236962 0.0 0.0 1.0 0.815619961956391
1.0 0.0 0.0 1.725901249878594 0.0 1.0 0.0 3.111032609567423 0.0 0.0 1.0 0.809273001921166
1.0 0.0 0.0 1.820439812857398 0.0 1.0 0.0 3.056711917113753 0.0 0.0 1.0 0.799018787287817
1.0 0.0 0.0 1.922687431997725 0.0 1.0 0.0 2.995883247855261 0.0 0.0 1.0 0.783685211994283
1.0 0.0 0.0 2.02467865776313 0.0 1.0 0.0 2.945482384999225 0.0 0.0 1.0 0.764468639187548
1.0 0.0 0.0 2.123157713867014 0.0 1.0 0.0 2.884341055221741 0.0 0.0 1.0 0.745429013022562
1.0 0.0 0.0 2.221920756782522 0.0 1.0 0.0 2.82211657214714 0.0 0.0 1.0 0.726691219655608
1.0 0.0 0.0 2.323574186585206 0.0 1.0 0.0 2.759143120501838 0.0 0.0 1.0 0.707919104898235
1.0 0.0 0.0 2.416397442402222 0.0 1.0 0.0 2.701401513256141 0.0 0.0 1.0 0.693253346137607
1.0 0.0 0.0 2.521737588850447 0.0 1.0 0.0 2.628562820645799 0.0 0.0 1.0 0.678246818458815
1.0 0.0 0.0 2.614329807286616 0.0 1.0 0.0 2.565172674391076 0.0 0.0 1.0 0.667090765558107
1.0 0.0 0.0 2.732218202314508 0.0 1.0 0.0 2.514597164665606 0.0 0.0 1.0 0.65069590540117
1.0 0.0 0.0 2.830730237320911 0.0 1.0 0.0 2.444408583691172 0.0 0.0 1.0 0.642408280289921
1.0 0.0 0.0 2.926737009471956 0.0 1.0 0.0 2.369224944059159 0.0 0.0 1.0 0.636968468661423
1.0 0.0 0.0 3.022893833694166 0.0 1.0 0.0 2.299689701258194 0.0 0.0 1.0 0.63199154755607
1.0 0.0 0.0 3.589949993335142 0.0 1.0 0.0 1.867703948585864 0.0 0.0 1.0 0.635040517785968
1.0 0.0 0.0 3.708170240260514 0.0 1.0 0.0 1.805904826154289 0.0 0.0 1.0 0.635607117863734
1.0 0.0 0.0 3.843573633275732 0.0 1.0 0.0 1.652511550863026 0.0 0.0 1.0 0.660563476412721
1.0 0.0 0.0 3.922064115560731 0.0 1.0 0.0 1.576858999776571 0.0 0.0 1.0 0.673918897992288
1.0 0.0 0.0 4.039959553134614 0.0 1.0 0.0 1.5161041977318 0.0 0.0 1.0 0.680803506776546
1.0 0.0 0.0 4.11839066989765 0.0 1.0 0.0 1.447965104150938 0.0 0.0 1.0 0.694855259647557
1.0 0.0 0.0 4.190138354552652 0.0 1.0 0.0 1.3707480039605 0.0 0.0 1.0 0.714143205611733
1.0 0.0 0.0 4.252725684098528 0.0 1.0 0.0 1.301646883478354 0.0 0.0 1.0 0.732850522167337
1.0 0.0 0.0 4.320866779864699 0.0 1.0 0.0 1.224319738916766 0.0 0.0 1.0 0.756239327651735
1.0 0.0 0.0 4.389502267677856 0.0 1.0 0.0 1.155883530867419 0.0 0.0 1.0 0.778362699877623
1.0 0.0 0.0 4.484831001315533 0.0 1.0 0.0 1.093145517326897 0.0 0.0 1.0 0.798391746036249
1.0 0.0 0.0 4.554306210679619 0.0 1.0 0.0 1.028628467272365 0.0 0.0 1.0 0.820933927704898
1.0 0.0 0.0 4.606017851896135 0.0 1.0 0.0 0.952215131422057 0.0 0.0 1.0 0.849777116487738
1.0 0.0 0.0 4.799997685874509 0.0 1.0 0.0 0.836167364343616 0.0 0.0 1.0 0.883371044421343
1.0 0.0 0.0 4.897134831234414 0.0 1.0 0.0 0.631273194566726 0.0 0.0 1.0 0.950386555488115
1.0 0.0 0.0 4.979108145771393 0.0 1.0 0.0 0.576181391201249 0.0 0.0 1.0 0.961768084691061
1.0 0.0 0.0 5.042149616181524 0.0 1.0 0.0 0.520983471006776 0.0 0.0 1.0 0.974588642742028
1.0 0.0 0.0 5.084780805000898 0.0 1.0 0.0 0.461371789570067 0.0 0.0 1.0 0.989262334004428
1.0 0.0 0.0 5.128231842339088 0.0 1.0 0.0 0.403499258006859 0.0 0.0 1.0 1.0017859703004
1.0 0.0 0.0 5.180395476422373 0.0 1.0 0.0 0.349733755860649 0.0 0.0 1.0 1.011123910456578
1.0 0.0 0.0 5.227814098241134 0.0 1.0 0.0 0.295823329585847 0.0 0.0 1.0 1.019775357862831
1.0 0.0 0.0 5.268305922574109 0.0 1.0 0.0 0.244794049248865 0.0 0.0 1.0 1.027060095038632
1.0 0.0 0.0 5.35683139153535 0.0 1.0 0.0 0.197127983936338 0.0 0.0 1.0 1.02849906360762
1.0 0.0 0.0 5.397997082535713 0.0 1.0 0.0 0.146856508614287 0.0 0.0 1.0 1.032955033252078
1.0 0.0 0.0 5.440491265503278 0.0 1.0 0.0 0.098756669721814 0.0 0.0 1.0 1.035769067401648
1.0 0.0 0.0 5.513849631543925 0.0 1.0 0.0 0.005062764257479 0.0 0.0 1.0 1.038217281372238
1.0 0.0 0.0 5.553733243914278 0.0 1.0 0.0 -0.038316176282574 0.0 0.0 1.0 1.036704749545029
1.0 0.0 0.0 5.593166802138604 0.0 1.0 0.0 -0.082571678156392 0.0 0.0 1.0 1.033966130355607
1.0 0.0 0.0 5.664040631612634 0.0 1.0 0.0 -0.123950791923689 0.0 0.0 1.0 1.026410346099456
1.0 0.0 0.0 5.841669490606373 0.0 1.0 0.0 -0.278825161710355 0.0 0.0 1.0 0.994118330526178
1.0 0.0 0.0 5.87574230850768 0.0 1.0 0.0 -0.345324548988065 0.0 0.0 1.0 0.976011888137293
1.0 0.0 0.0 5.914822834220046 0.0 1.0 0.0 -0.378148189053646 0.0 0.0 1.0 0.963182072263201
1.0 0.0 0.0 5.932883337481579 0.0 1.0 0.0 -0.435501406068433 0.0 0.0 1.0 0.939850746377451
1.0 0.0 0.0 5.979369905147405 0.0 1.0 0.0 -0.465076730441838 0.0 0.0 1.0 0.922596642433939
1.0 0.0 0.0 5.998960328568292 0.0 1.0 0.0 -0.491339983976203 0.0 0.0 1.0 0.907290368773794
1.0 0.0 0.0 6.037154163654788 0.0 1.0 0.0 -0.537109372906858 0.0 0.0 1.0 0.874785667913139
1.0 0.0 0.0 6.053902936232078 0.0 1.0 0.0 -0.562217382991154 0.0 0.0 1.0 0.854138451154701
1.0 0.0 0.0 6.06823495167047 0.0 1.0 0.0 -0.581694060622093 0.0 0.0 1.0 0.835500939925706
1.0 0.0 0.0 6.114141425729181 0.0 1.0 0.0 -0.621133534617194 0.0 0.0 1.0 0.792846167242137
1.0 0.0 0.0 6.12691714255168 0.0 1.0 0.0 -0.639396347613197 0.0 0.0 1.0 0.771111688016097
1.0 0.0 0.0 6.139173974504784 0.0 1.0 0.0 -0.654740069032502 0.0 0.0 1.0 0.751777317852908
1.0 0.0 0.0 6.150284896140239 0.0 1.0 0.0 -0.670572317423899 0.0 0.0 1.0 0.732465537779694
1.0 0.0 0.0 6.163097116415213 0.0 1.0 0.0 -0.683647270714619 0.0 0.0 1.0 0.716806328280489
1.0 0.0 0.0 6.173723681084806 0.0 1.0 0.0 -0.697678810979387 0.0 0.0 1.0 0.701179258948597
1.0 0.0 0.0 6.198824163303256 0.0 1.0 0.0 -0.711137846682423 0.0 0.0 1.0 0.687487182484253
1.0 0.0 0.0 6.208046741074366 0.0 1.0 0.0 -0.723896410602995 0.0 0.0 1.0 0.676226809408044
1.0 0.0 0.0 6.219911390961987 0.0 1.0 0.0 -0.734465011890563 0.0 0.0 1.0 0.667863922094486
1.0 0.0 0.0 6.24032656860383 0.0 1.0 0.0 -0.754736334742027 0.0 0.0 1.0 0.656355901552836
1.0 0.0 0.0 6.250084179269669 0.0 1.0 0.0 -0.76324399662792 0.0 0.0 1.0 0.653481036361247
1.0 0.0 0.0 6.259149120398757 0.0 1.0 0.0 -0.771297014456707 0.0 0.0 1.0 0.652647792795983
1.0 0.0 0.0 6.266586059446289 0.0 1.0 0.0 -0.778389934411001 0.0 0.0 1.0 0.653987905061484
1.0 0.0 0.0 6.297301717612582 0.0 1.0 0.0 -0.791470205949459 0.0 0.0 1.0 0.660195681176675
1.0 0.0 0.0 6.302734949661025 0.0 1.0 0.0 -0.79809340705663 0.0 0.0 1.0 0.676885124965185
1.0 0.0 0.0 6.305016657445358 0.0 1.0 0.0 -0.800108080962754 0.0 0.0 1.0 0.688615736565869
1.0 0.0 0.0 6.308526714312791 0.0 1.0 0.0 -0.80154945687302 0.0 0.0 1.0 0.701630153244708
1.0 0.0 0.0 6.310392480655095 0.0 1.0 0.0 -0.800898628085693 0.0 0.0 1.0 0.715848682042178
1.0 0.0 0.0 6.311257230245751 0.0 1.0 0.0 -0.801569761972618 0.0 0.0 1.0 0.731829643408774
1.0 0.0 0.0 6.311658747115141 0.0 1.0 0.0 -0.80052221066366 0.0 0.0 1.0 0.750956193065811
1.0 0.0 0.0 6.30821195484886 0.0 1.0 0.0 -0.798581394283579 0.0 0.0 1.0 0.77141960156539
1.0 0.0 0.0 6.305019451609577 0.0 1.0 0.0 -0.794425560051077 0.0 0.0 1.0 0.810523706785399
1.0 0.0 0.0 6.302337307041694 0.0 1.0 0.0 -0.789391334738387 0.0 0.0 1.0 0.845994501856637
1.0 0.0 0.0 6.300202168931732 0.0 1.0 0.0 -0.786712225663057 0.0 0.0 1.0 0.861417202987949
1.0 0.0 0.0 6.29392870113831 0.0 1.0 0.0 -0.783255313479031 0.0 0.0 1.0 0.875349399567702
1.0 0.0 0.0 6.28851913003677 0.0 1.0 0.0 -0.77812996449164 0.0 0.0 1.0 0.896386802735313
1.0 0.0 0.0 6.282378485272723 0.0 1.0 0.0 -0.773245999117145 0.0 0.0 1.0 0.910644887579168
1.0 0.0 0.0 6.280019581483834 0.0 1.0 0.0 -0.771150129351982 0.0 0.0 1.0 0.915127878308099
1.0 0.0 0.0 6.276538844612363 0.0 1.0 0.0 -0.768889563038313 0.0 0.0 1.0 0.918239740417707
1.0 0.0 0.0 6.269884140630667 0.0 1.0 0.0 -0.766706756712284 0.0 0.0 1.0 0.919969440446751
1.0 0.0 0.0 6.266999733543192 0.0 1.0 0.0 -0.765137927797677 0.0 0.0 1.0 0.919526254069404
1.0 0.0 0.0 6.264937280785535 0.0 1.0 0.0 -0.763983648220944 0.0 0.0 1.0 0.917587400802496
1.0 0.0 0.0 6.259296744236093 0.0 1.0 0.0 -0.762224380329788 0.0 0.0 1.0 0.909089154296195
1.0 0.0 0.0 6.256713899277155 0.0 1.0 0.0 -0.76181056512801 0.0 0.0 1.0 0.902668983373107
1.0 0.0 0.0 6.252998756850745 0.0 1.0 0.0 -0.761763535352182 0.0 0.0 1.0 0.895539046801185
1.0 0.0 0.0 6.250064363238352 0.0 1.0 0.0 -0.762041364538325 0.0 0.0 1.0 0.886542794487201
1.0 0.0 0.0 6.241673364285234 0.0 1.0 0.0 -0.763713981693455 0.0 0.0 1.0 0.865399885516353
1.0 0.0 0.0 6.238443183401194 0.0 1.0 0.0 -0.764999300453518 0.0 0.0 1.0 0.855183273371572
1.0 0.0 0.0 6.233374639132498 0.0 1.0 0.0 -0.767863489078714 0.0 0.0 1.0 0.839158187479711
1.0 0.0 0.0 6.230597265009852 0.0 1.0 0.0 -0.769599547521497 0.0 0.0 1.0 0.83411486507986
1.0 0.0 0.0 6.227940688060022 0.0 1.0 0.0 -0.771673921426003 0.0 0.0 1.0 0.830631629612011
1.0 0.0 0.0 6.226326039338912 0.0 1.0 0.0 -0.774203286391337 0.0 0.0 1.0 0.827964467727381
1.0 0.0 0.0 6.225593165449704 0.0 1.0 0.0 -0.777140967130213 0.0 0.0 1.0 0.824574127381891
1.0 0.0 0.0 6.223751201223633 0.0 1.0 0.0 -0.779835715858324 0.0 0.0 1.0 0.820061569166443
1.0 0.0 0.0 6.22275482680736 0.0 1.0 0.0 -0.782438831606297 0.0 0.0 1.0 0.813959982823765
1.0 0.0 0.0 6.222425480600021 0.0 1.0 0.0 -0.785830982943855 0.0 0.0 1.0 0.805702245310088
1.0 0.0 0.0 6.222119848545794 0.0 1.0 0.0 -0.789143559046175 0.0 0.0 1.0 0.797677351686234
1.0 0.0 0.0 6.221473431389814 0.0 1.0 0.0 -0.792971764747041 0.0 0.0 1.0 0.787351624776155
1.0 0.0 0.0 6.22160296588782 0.0 1.0 0.0 -0.797356058867557 0.0 0.0 1.0 0.775751140811282
1.0 0.0 0.0 6.221545894022386 0.0 1.0 0.0 -0.802082499961112 0.0 0.0 1.0 0.763150019545666
1.0 0.0 0.0 6.221591737118332 0.0 1.0 0.0 -0.80711285079678 0.0 0.0 1.0 0.751968170275793
1.0 0.0 0.0 6.224442656402267 0.0 1.0 0.0 -0.813625581274102 0.0 0.0 1.0 0.740578587359665
1.0 0.0 0.0 6.225674368285699 0.0 1.0 0.0 -0.827770420789907 0.0 0.0 1.0 0.724483393501296
1.0 0.0 0.0 6.226968909998862 0.0 1.0 0.0 -0.836107888809725 0.0 0.0 1.0 0.719351935207497
1.0 0.0 0.0 6.22751672211965 0.0 1.0 0.0 -0.844448690465223 0.0 0.0 1.0 0.716482023813392
1.0 0.0 0.0 6.233061350057027 0.0 1.0 0.0 -0.863638440300864 0.0 0.0 1.0 0.716782905672045
1.0 0.0 0.0 6.2351269168285 0.0 1.0 0.0 -0.873316133869598 0.0 0.0 1.0 0.719665601629194
1.0 0.0 0.0 6.244479118659129 0.0 1.0 0.0 -0.896593623764326 0.0 0.0 1.0 0.731426741954662
1.0 0.0 0.0 6.24506845805034 0.0 1.0 0.0 -0.946204641987006 0.0 0.0 1.0 0.780732468005772
1.0 0.0 0.0 6.24568850873602 0.0 1.0 0.0 -0.959584534378614 0.0 0.0 1.0 0.795147538108931
1.0 0.0 0.0 6.247015904076556 0.0 1.0 0.0 -0.973394343881819 0.0 0.0 1.0 0.807918359489741
1.0 0.0 0.0 6.248064309131701 0.0 1.0 0.0 -0.988087832285339 0.0 0.0 1.0 0.819925803531871
1.0 0.0 0.0 6.248869760761488 0.0 1.0 0.0 -1.002915823787264 0.0 0.0 1.0 0.830399001398905
1.0 0.0 0.0 6.249474007776817 0.0 1.0 0.0 -1.018457508762412 0.0 0.0 1.0 0.840561821998253
1.0 0.0 0.0 6.250727846060876 0.0 1.0 0.0 -1.034181544731383 0.0 0.0 1.0 0.847990775777391
1.0 0.0 0.0 6.256682275374162 0.0 1.0 0.0 -1.066698762364998 0.0 0.0 1.0 0.859834991629862
1.0 0.0 0.0 6.253939635000837 0.0 1.0 0.0 -1.099623260841363 0.0 0.0 1.0 0.868874684516172
1.0 0.0 0.0 6.254188343346078 0.0 1.0 0.0 -1.117036324212336 0.0 0.0 1.0 0.871584687809471
1.0 0.0 0.0 6.252252184265305 0.0 1.0 0.0 -1.13444395588457 0.0 0.0 1.0 0.873344777057175
1.0 0.0 0.0 6.250032846009611 0.0 1.0 0.0 -1.152541615846 0.0 0.0 1.0 0.874039991527442
1.0 0.0 0.0 6.246775693377709 0.0 1.0 0.0 -1.169831039898015 0.0 0.0 1.0 0.873599599206516
1.0 0.0 0.0 6.243403907018684 0.0 1.0 0.0 -1.186854036570736 0.0 0.0 1.0 0.872008083667106
1.0 0.0 0.0 6.238763714626977 0.0 1.0 0.0 -1.20435590204946 0.0 0.0 1.0 0.869388049633915
1.0 0.0 0.0 6.232925113434959 0.0 1.0 0.0 -1.222036023873215 0.0 0.0 1.0 0.865923621119267
1.0 0.0 0.0 6.227219533162458 0.0 1.0 0.0 -1.238404577623424 0.0 0.0 1.0 0.861766132346404
1.0 0.0 0.0 6.220468005410094 0.0 1.0 0.0 -1.254252112102335 0.0 0.0 1.0 0.856880587922658
1.0 0.0 0.0 6.210778617033137 0.0 1.0 0.0 -1.268989633285571 0.0 0.0 1.0 0.85164459929811
1.0 0.0 0.0 6.203009334678888 0.0 1.0 0.0 -1.283916495738084 0.0 0.0 1.0 0.845979905138716
1.0 0.0 0.0 6.188611863231684 0.0 1.0 0.0 -1.309990692556442 0.0 0.0 1.0 0.839175778452368
1.0 0.0 0.0 6.181220839424912 0.0 1.0 0.0 -1.320588171277345 0.0 0.0 1.0 0.839197758659909
1.0 0.0 0.0 6.173925556845186 0.0 1.0 0.0 -1.331576384408081 0.0 0.0 1.0 0.841119090926344
1.0 0.0 0.0 6.161282150470626 0.0 1.0 0.0 -1.339843952592274 0.0 0.0 1.0 0.845467401193629
1.0 0.0 0.0 6.15381814709597 0.0 1.0 0.0 -1.348381007540384 0.0 0.0 1.0 0.850886302404679
1.0 0.0 0.0 6.136538139050337 0.0 1.0 0.0 -1.361419104111222 0.0 0.0 1.0 0.860763306546238
1.0 0.0 0.0 6.12125199557772 0.0 1.0 0.0 -1.371652646071706 0.0 0.0 1.0 0.86444986468136
1.0 0.0 0.0 6.10716584202983 0.0 1.0 0.0 -1.378066103877184 0.0 0.0 1.0 0.861753395487773
1.0 0.0 0.0 6.100132937744615 0.0 1.0 0.0 -1.380346061613124 0.0 0.0 1.0 0.858564316664306
1.0 0.0 0.0 6.086489608570789 0.0 1.0 0.0 -1.380100297977569 0.0 0.0 1.0 0.855728782671216
1.0 0.0 0.0 6.078479644215675 0.0 1.0 0.0 -1.380971784905219 0.0 0.0 1.0 0.850130776331548
1.0 0.0 0.0 6.071474325140265 0.0 1.0 0.0 -1.381662639059382 0.0 0.0 1.0 0.84397784701207
1.0 0.0 0.0 6.051510768812494 0.0 1.0 0.0 -1.381585327505989 0.0 0.0 1.0 0.821764006014109
1.0 0.0 0.0 6.038667465791342 0.0 1.0 0.0 -1.379124931938299 0.0 0.0 1.0 0.812717686632635
1.0 0.0 0.0 6.032677117880094 0.0 1.0 0.0 -1.378129417527432 0.0 0.0 1.0 0.803497147175331
1.0 0.0 0.0 6.027636004486076 0.0 1.0 0.0 -1.377562706863965 0.0 0.0 1.0 0.794540175288481
1.0 0.0 0.0 6.022710850102554 0.0 1.0 0.0 -1.377237018121759 0.0 0.0 1.0 0.787153006852882
1.0 0.0 0.0 6.018808845921028 0.0 1.0 0.0 -1.377628324444846 0.0 0.0 1.0 0.781144947323839
1.0 0.0 0.0 6.014210835674746 0.0 1.0 0.0 -1.377806019593854 0.0 0.0 1.0 0.777589361019798
1.0 0.0 0.0 6.008694007531511 0.0 1.0 0.0 -1.378353822585162 0.0 0.0 1.0 0.775708370494732
1.0 0.0 0.0 6.007065162907963 0.0 1.0 0.0 -1.38089219179151 0.0 0.0 1.0 0.775601811194229
1.0 0.0 0.0 6.004634670500679 0.0 1.0 0.0 -1.383421900818452 0.0 0.0 1.0 0.777412107204279
1.0 0.0 0.0 6.004157414955622 0.0 1.0 0.0 -1.387184713929722 0.0 0.0 1.0 0.780667509644964
1.0 0.0 0.0 6.003630421673814 0.0 1.0 0.0 -1.392036853420972 0.0 0.0 1.0 0.785659706053062
1.0 0.0 0.0 6.007077850836137 0.0 1.0 0.0 -1.398305253019596 0.0 0.0 1.0 0.792161905690131
1.0 0.0 0.0 6.005662161055466 0.0 1.0 0.0 -1.404100792174622 0.0 0.0 1.0 0.80044004536575
1.0 0.0 0.0 6.007110055095634 0.0 1.0 0.0 -1.410645425876395 0.0 0.0 1.0 0.808333694852823
1.0 0.0 0.0 6.008355351122473 0.0 1.0 0.0 -1.417610283570644 0.0 0.0 1.0 0.815469559415041
1.0 0.0 0.0 6.009347222142488 0.0 1.0 0.0 -1.424797909822458 0.0 0.0 1.0 0.820970831758708
1.0 0.0 0.0 6.01146449939442 0.0 1.0 0.0 -1.441028830889657 0.0 0.0 1.0 0.828232617904311
1.0 0.0 0.0 6.013593978603602 0.0 1.0 0.0 -1.450206075753939 0.0 0.0 1.0 0.830005582332456
1.0 0.0 0.0 6.014564597699427 0.0 1.0 0.0 -1.459607597369664 0.0 0.0 1.0 0.831267300006798
1.0 0.0 0.0 6.021119133920773 0.0 1.0 0.0 -1.470649344239417 0.0 0.0 1.0 0.830601019889949
1.0 0.0 0.0 6.02272659843258 0.0 1.0 0.0 -1.480586265694373 0.0 0.0 1.0 0.829702641713987
1.0 0.0 0.0 6.024957390295414 0.0 1.0 0.0 -1.491564351226354 0.0 0.0 1.0 0.827540772435437
1.0 0.0 0.0 6.027098709268459 0.0 1.0 0.0 -1.502496217181575 0.0 0.0 1.0 0.824632902558544
1.0 0.0 0.0 6.040517901162682 0.0 1.0 0.0 -1.540863673146049 0.0 0.0 1.0 0.808691101430525
1.0 0.0 0.0 6.043115426954349 0.0 1.0 0.0 -1.564520832301234 0.0 0.0 1.0 0.793883527361671
1.0 0.0 0.0 6.045475414926251 0.0 1.0 0.0 -1.575630023584695 0.0 0.0 1.0 0.785430360540315
1.0 0.0 0.0 6.046880301148731 0.0 1.0 0.0 -1.586072248151898 0.0 0.0 1.0 0.776457675654434
1.0 0.0 0.0 6.05337916310125 0.0 1.0 0.0 -1.596414963440228 0.0 0.0 1.0 0.766566564354616
1.0 0.0 0.0 6.056039737915456 0.0 1.0 0.0 -1.605119167358369 0.0 0.0 1.0 0.756014406056849
1.0 0.0 0.0 6.058042512368505 0.0 1.0 0.0 -1.612251183995671 0.0 0.0 1.0 0.745398264141097
1.0 0.0 0.0 6.062605281213203 0.0 1.0 0.0 -1.623459793402861 0.0 0.0 1.0 0.722673224661363
1.0 0.0 0.0 6.065101774848924 0.0 1.0 0.0 -1.627558842715626 0.0 0.0 1.0 0.710125686875452
1.0 0.0 0.0 6.066987761510806 0.0 1.0 0.0 -1.630110759322212 0.0 0.0 1.0 0.69790458206632
1.0 0.0 0.0 6.0737156540545 0.0 1.0 0.0 -1.633243749579165 0.0 0.0 1.0 0.684199274195368
1.0 0.0 0.0 6.076313722543881 0.0 1.0 0.0 -1.634410129104731 0.0 0.0 1.0 0.659585955419271
1.0 0.0 0.0 6.077117786671945 0.0 1.0 0.0 -1.63380797514687 0.0 0.0 1.0 0.649183585979419
1.0 0.0 0.0 6.078265697136098 0.0 1.0 0.0 -1.632719602782563 0.0 0.0 1.0 0.64040972602311
1.0 0.0 0.0 6.078584871542544 0.0 1.0 0.0 -1.62848717052452 0.0 0.0 1.0 0.627346773717195
1.0 0.0 0.0 6.078237440888534 0.0 1.0 0.0 -1.62586060835893 0.0 0.0 1.0 0.627308990516706
1.0 0.0 0.0 6.077079888101669 0.0 1.0 0.0 -1.623357545738097 0.0 0.0 1.0 0.629145192849549
1.0 0.0 0.0 6.076185164824627 0.0 1.0 0.0 -1.620737584111848 0.0 0.0 1.0 0.632610595737644
1.0 0.0 0.0 6.075462852535674 0.0 1.0 0.0 -1.618146193398479 0.0 0.0 1.0 0.637361061173069
1.0 0.0 0.0 6.072455007461 0.0 1.0 0.0 -1.616723989345896 0.0 0.0 1.0 0.642951700744013
1.0 0.0 0.0 6.070903131406092 0.0 1.0 0.0 -1.614744568225822 0.0 0.0 1.0 0.650453766471737
1.0 0.0 0.0 6.068456756951354 0.0 1.0 0.0 -1.613053978328589 0.0 0.0 1.0 0.659651718460246
1.0 0.0 0.0 6.067010123150455 0.0 1.0 0.0 -1.612007246717227 0.0 0.0 1.0 0.669870997399149
1.0 0.0 0.0 6.065788420446793 0.0 1.0 0.0 -1.610840800838524 0.0 0.0 1.0 0.68164086167552
1.0 0.0 0.0 6.061785737259219 0.0 1.0 0.0 -1.608886567606607 0.0 0.0 1.0 0.69462318489712
1.0 0.0 0.0 6.060626076007347 0.0 1.0 0.0 -1.607637424480928 0.0 0.0 1.0 0.707045291684557
1.0 0.0 0.0 6.060266656263686 0.0 1.0 0.0 -1.606500031518512 0.0 0.0 1.0 0.718007402530623
1.0 0.0 0.0 6.061362759813807 0.0 1.0 0.0 -1.603105029325911 0.0 0.0 1.0 0.735896954590682
1.0 0.0 0.0 6.062845348422859 0.0 1.0 0.0 -1.600264690583648 0.0 0.0 1.0 0.741727706290035
1.0 0.0 0.0 6.064040085193921 0.0 1.0 0.0 -1.596945697611022 0.0 0.0 1.0 0.744288455199005
1.0 0.0 0.0 6.066213578365344 0.0 1.0 0.0 -1.592298695393772 0.0 0.0 1.0 0.74356837794225
1.0 0.0 0.0 6.071010978197546 0.0 1.0 0.0 -1.587391872150935 0.0 0.0 1.0 0.738345416597544
1.0 0.0 0.0 6.116696997110596 0.0 1.0 0.0 -1.559646507023789 0.0 0.0 1.0 0.674432672225939
1.0 0.0 0.0 6.126240749157073 0.0 1.0 0.0 -1.515930329193451 0.0 0.0 1.0 0.590827093261747
1.0 0.0 0.0 6.204806576665204 0.0 1.0 0.0 -1.462783515637067 0.0 0.0 1.0 0.453879132570181
1.0 0.0 0.0 6.221523047893109 0.0 1.0 0.0 -1.425398970033831 0.0 0.0 1.0 0.403824129195373
1.0 0.0 0.0 6.261432040195132 0.0 1.0 0.0 -1.411871312179486 0.0 0.0 1.0 0.376835000387323
1.0 0.0 0.0 6.284549744990516 0.0 1.0 0.0 -1.392884586893913 0.0 0.0 1.0 0.354610653867711
1.0 0.0 0.0 6.335270241772289 0.0 1.0 0.0 -1.358820663461706 0.0 0.0 1.0 0.318669569688535
1.0 0.0 0.0 6.364971825530707 0.0 1.0 0.0 -1.342572490865136 0.0 0.0 1.0 0.303408960548898
1.0 0.0 0.0 6.393782753886335 0.0 1.0 0.0 -1.327354496990786 0.0 0.0 1.0 0.290550883098315
1.0 0.0 0.0 6.453956373840478 0.0 1.0 0.0 -1.317176842955816 0.0 0.0 1.0 0.273731649163983
1.0 0.0 0.0 6.51659613143951 0.0 1.0 0.0 -1.28927170750936 0.0 0.0 1.0 0.25718604693094
1.0 0.0 0.0 6.550238986117372 0.0 1.0 0.0 -1.276441749561808 0.0 0.0 1.0 0.251853144879179
1.0 0.0 0.0 6.583652300306349 0.0 1.0 0.0 -1.266667041948095 0.0 0.0 1.0 0.24869044791192
1.0 0.0 0.0 6.614282760706586 0.0 1.0 0.0 -1.257365016409412 0.0 0.0 1.0 0.247916660566641
1.0 0.0 0.0 6.824379518090466 0.0 1.0 0.0 -1.255348139550822 0.0 0.0 1.0 0.246622334868222
1.0 0.0 0.0 6.867362683738596 0.0 1.0 0.0 -1.257514489717104 0.0 0.0 1.0 0.252249927539896
1.0 0.0 0.0 6.91821195766588 0.0 1.0 0.0 -1.26254520110176 0.0 0.0 1.0 0.258767997577968
1.0 0.0 0.0 6.964218583516063 0.0 1.0 0.0 -1.267700332905591 0.0 0.0 1.0 0.267403239421697
1.0 0.0 0.0 7.02039989956385 0.0 1.0 0.0 -1.274861531646703 0.0 0.0 1.0 0.277569994936748
1.0 0.0 0.0 7.071564967761487 0.0 1.0 0.0 -1.282278337001163 0.0 0.0 1.0 0.289132539613113
1.0 0.0 0.0 7.122853794650543 0.0 1.0 0.0 -1.290536770660851 0.0 0.0 1.0 0.302675224834065
1.0 0.0 0.0 7.17291005801652 0.0 1.0 0.0 -1.299168692071078 0.0 0.0 1.0 0.315804204328662
1.0 0.0 0.0 7.225691670489647 0.0 1.0 0.0 -1.308168315779074 0.0 0.0 1.0 0.333853361559581
1.0 0.0 0.0 7.342119974403253 0.0 1.0 0.0 -1.328920602756761 0.0 0.0 1.0 0.339180939084525
1.0 0.0 0.0 7.405481970002788 0.0 1.0 0.0 -1.339124669398036 0.0 0.0 1.0 0.35509294322513
1.0 0.0 0.0 7.543209713831656 0.0 1.0 0.0 -1.360250226691896 0.0 0.0 1.0 0.380635549287038
1.0 0.0 0.0 7.61411554714724 0.0 1.0 0.0 -1.369368227363257 0.0 0.0 1.0 0.392259223736164
1.0 0.0 0.0 7.689895358129206 0.0 1.0 0.0 -1.377819382315059 0.0 0.0 1.0 0.401695964264221
1.0 0.0 0.0 7.922613552683187 0.0 1.0 0.0 -1.404663628264218 0.0 0.0 1.0 0.39877143576849
1.0 0.0 0.0 8.08259523189046 0.0 1.0 0.0 -1.409603193439102 0.0 0.0 1.0 0.391150722589
1.0 0.0 0.0 8.246324304009345 0.0 1.0 0.0 -1.404947091411214 0.0 0.0 1.0 0.369575377135749
1.0 0.0 0.0 8.563521516869107 0.0 1.0 0.0 -1.41191171593066 0.0 0.0 1.0 0.318484253119757
1.0 0.0 0.0 8.680004549502229 0.0 1.0 0.0 -1.369261836010033 0.0 0.0 1.0 0.290496429858919
1.0 0.0 0.0 8.757717782031968 0.0 1.0 0.0 -1.346869482009814 0.0 0.0 1.0 0.273319603167858
1.0 0.0 0.0 8.845210543881265 0.0 1.0 0.0 -1.316478546537785 0.0 0.0 1.0 0.252834786580359
1.0 0.0 0.0 8.926634315786929 0.0 1.0 0.0 -1.284503011942035 0.0 0.0 1.0 0.232644271486033
1.0 0.0 0.0 9.010204046376508 0.0 1.0 0.0 -1.248762225383691 0.0 0.0 1.0 0.21107780064581
1.0 0.0 0.0 9.07928625472411 0.0 1.0 0.0 -1.205487890229541 0.0 0.0 1.0 0.189871397079013
1.0 0.0 0.0 9.144754930863956 0.0 1.0 0.0 -1.154593974701706 0.0 0.0 1.0 0.167353302003932
1.0 0.0 0.0 9.210988824317331 0.0 1.0 0.0 -1.101460571453978 0.0 0.0 1.0 0.143998983565326
1.0 0.0 0.0 9.384791851988586 0.0 1.0 0.0 -0.982533272510174 0.0 0.0 1.0 0.087649906442842
1.0 0.0 0.0 9.42624222843171 0.0 1.0 0.0 -0.909572307046256 0.0 0.0 1.0 0.064561680199555
1.0 0.0 0.0 9.474000515567251 0.0 1.0 0.0 -0.834272431634244 0.0 0.0 1.0 0.039186039792746
1.0 0.0 0.0 9.522163905674402 0.0 1.0 0.0 -0.756004075512534 0.0 0.0 1.0 0.012869222792777
1.0 0.0 0.0 9.561801662196757 0.0 1.0 0.0 -0.669857039134105 0.0 0.0 1.0 -0.014825178222633
1.0 0.0 0.0 9.591670025038107 0.0 1.0 0.0 -0.580986558562797 0.0 0.0 1.0 -0.042076687358597
1.0 0.0 0.0 9.625316407174282 0.0 1.0 0.0 -0.49521088673375 0.0 0.0 1.0 -0.070716710578753
1.0 0.0 0.0 9.678738028229247 0.0 1.0 0.0 -0.405371833183392 0.0 0.0 1.0 -0.104485347178476
1.0 0.0 0.0 9.70236809318854 0.0 1.0 0.0 -0.315209476063449 0.0 0.0 1.0 -0.134917764372504
1.0 0.0 0.0 9.738268975419324 0.0 1.0 0.0 -0.130552387714828 0.0 0.0 1.0 -0.198828773105389
1.0 0.0 0.0 9.751720465311532 0.0 1.0 0.0 -0.034875980573374 0.0 0.0 1.0 -0.230869332276777
1.0 0.0 0.0 9.763462473929362 0.0 1.0 0.0 0.057889959469362 0.0 0.0 1.0 -0.261153577655026
1.0 0.0 0.0 9.77256678311686 0.0 1.0 0.0 0.148107278564603 0.0 0.0 1.0 -0.289714999225291
1.0 0.0 0.0 9.79167453516753 0.0 1.0 0.0 0.241989201152536 0.0 0.0 1.0 -0.319338390602293
1.0 0.0 0.0 9.79425908740056 0.0 1.0 0.0 0.418561997440478 0.0 0.0 1.0 -0.365943153217246
1.0 0.0 0.0 9.791712800950068 0.0 1.0 0.0 0.511724410450402 0.0 0.0 1.0 -0.388050728338073
1.0 0.0 0.0 9.788339438310253 0.0 1.0 0.0 0.596243432411768 0.0 0.0 1.0 -0.407097296599518
1.0 0.0 0.0 9.78503752616132 0.0 1.0 0.0 0.684417993376237 0.0 0.0 1.0 -0.425784982640114
1.0 0.0 0.0 9.776892765181534 0.0 1.0 0.0 0.767741454350277 0.0 0.0 1.0 -0.440868339046692
1.0 0.0 0.0 9.767989894265261 0.0 1.0 0.0 0.852471782891843 0.0 0.0 1.0 -0.455425806346375
1.0 0.0 0.0 9.745329104685084 0.0 1.0 0.0 1.017293632160857 0.0 0.0 1.0 -0.479320647969981
1.0 0.0 0.0 9.717954664264475 0.0 1.0 0.0 1.180846791454678 0.0 0.0 1.0 -0.497762785812201
1.0 0.0 0.0 9.699845573002609 0.0 1.0 0.0 1.25781425484526 0.0 0.0 1.0 -0.503788451904302
1.0 0.0 0.0 9.682967161300548 0.0 1.0 0.0 1.344299000174244 0.0 0.0 1.0 -0.509332677560532
1.0 0.0 0.0 9.665620901461269 0.0 1.0 0.0 1.424977047606905 0.0 0.0 1.0 -0.512422838627444
1.0 0.0 0.0 9.646300307269808 0.0 1.0 0.0 1.509467657906849 0.0 0.0 1.0 -0.513793148273972
1.0 0.0 0.0 9.625953223485887 0.0 1.0 0.0 1.590779069992942 0.0 0.0 1.0 -0.51392411394612
1.0 0.0 0.0 9.603467483933803 0.0 1.0 0.0 1.676321351623498 0.0 0.0 1.0 -0.512329497824723
1.0 0.0 0.0 9.570941862161915 0.0 1.0 0.0 1.753512412500318 0.0 0.0 1.0 -0.507604185471811
1.0 0.0 0.0 9.544605039241635 0.0 1.0 0.0 1.837920669891105 0.0 0.0 1.0 -0.503076394841568
1.0 0.0 0.0 9.478385961024534 0.0 1.0 0.0 2.006166922115007 0.0 0.0 1.0 -0.487850594752968
1.0 0.0 0.0 9.429775626833848 0.0 1.0 0.0 2.088578951815723 0.0 0.0 1.0 -0.475163372909186
1.0 0.0 0.0 9.389737559346704 0.0 1.0 0.0 2.179529713977278 0.0 0.0 1.0 -0.462898828396062
1.0 0.0 0.0 9.302373032337085 0.0 1.0 0.0 2.352266946566681 0.0 0.0 1.0 -0.434304665995091
1.0 0.0 0.0 9.252266890436966 0.0 1.0 0.0 2.437668936027425 0.0 0.0 1.0 -0.417229200755311
1.0 0.0 0.0 9.19764857147488 0.0 1.0 0.0 2.525929708640182 0.0 0.0 1.0 -0.398004545315389
1.0 0.0 0.0 9.10374789039556 0.0 1.0 0.0 2.598364591227655 0.0 0.0 1.0 -0.369916417663354
1.0 0.0 0.0 9.038917402406183 0.0 1.0 0.0 2.687746630441134 0.0 0.0 1.0 -0.346796787313048
1.0 0.0 0.0 8.974826541663232 0.0 1.0 0.0 2.773872855853576 0.0 0.0 1.0 -0.324182623670591
1.0 0.0 0.0 8.907280466957895 0.0 1.0 0.0 2.860005221719771 0.0 0.0 1.0 -0.302274182031566
1.0 0.0 0.0 8.832725773333669 0.0 1.0 0.0 2.940592668353352 0.0 0.0 1.0 -0.281028825925113
1.0 0.0 0.0 8.757612444144822 0.0 1.0 0.0 3.027467057279845 0.0 0.0 1.0 -0.262093633215155
1.0 0.0 0.0 8.683220602305875 0.0 1.0 0.0 3.104273034176137 0.0 0.0 1.0 -0.245579814483504
1.0 0.0 0.0 8.477116217390005 0.0 1.0 0.0 3.247832990842476 0.0 0.0 1.0 -0.20215923673893
1.0 0.0 0.0 8.39139973364998 0.0 1.0 0.0 3.326486412244893 0.0 0.0 1.0 -0.182724009480299
1.0 0.0 0.0 8.304395170511103 0.0 1.0 0.0 3.397561837222998 0.0 0.0 1.0 -0.162144433151086
1.0 0.0 0.0 8.219922780989632 0.0 1.0 0.0 3.470417281251472 0.0 0.0 1.0 -0.14125919356168
1.0 0.0 0.0 8.127807712675974 0.0 1.0 0.0 3.538535762072919 0.0 0.0 1.0 -0.11835319696025
1.0 0.0 0.0 7.977062159929515 0.0 1.0 0.0 3.577089035653355 0.0 0.0 1.0 -0.081055732454725
1.0 0.0 0.0 7.884955311927547 0.0 1.0 0.0 3.633775874285963 0.0 0.0 1.0 -0.05527636178661
1.0 0.0 0.0 7.78736142853016 0.0 1.0 0.0 3.686745446592083 0.0 0.0 1.0 -0.026663941103199
1.0 0.0 0.0 7.692355786892446 0.0 1.0 0.0 3.734831179254939 0.0 0.0 1.0 0.002764576371109
1.0 0.0 0.0 7.585614898081873 0.0 1.0 0.0 3.769570019500409 0.0 0.0 1.0 0.036028721434791
1.0 0.0 0.0 7.486697222532596 0.0 1.0 0.0 3.802941867624515 0.0 0.0 1.0 0.069445425345921
1.0 0.0 0.0 7.391043200876583 0.0 1.0 0.0 3.835613091637901 0.0 0.0 1.0 0.104319111318846
1.0 0.0 0.0 7.222739716214234 0.0 1.0 0.0 3.823181690992103 0.0 0.0 1.0 0.154684687638171
1.0 0.0 0.0 7.126105772561723 0.0 1.0 0.0 3.840738526742321 0.0 0.0 1.0 0.192201611676935
1.0 0.0 0.0 6.926985307934162 0.0 1.0 0.0 3.856195548914668 0.0 0.0 1.0 0.274433835022308
1.0 0.0 0.0 6.763101753609985 0.0 1.0 0.0 3.81571992244174 0.0 0.0 1.0 0.328183105004637
1.0 0.0 0.0 6.660261953060523 0.0 1.0 0.0 3.805914619545206 0.0 0.0 1.0 0.374081927782733
1.0 0.0 0.0 6.563241595164675 0.0 1.0 0.0 3.791023034651805 0.0 0.0 1.0 0.418774704466038
1.0 0.0 0.0 6.384835727366963 0.0 1.0 0.0 3.753334080182792 0.0 0.0 1.0 0.502653483687727
1.0 0.0 0.0 6.287308072731531 0.0 1.0 0.0 3.723377915881129 0.0 0.0 1.0 0.545569287867039
1.0 0.0 0.0 6.199812724356755 0.0 1.0 0.0 3.692999442848425 0.0 0.0 1.0 0.584757445638619
1.0 0.0 0.0 6.114630119028955 0.0 1.0 0.0 3.657827592425977 0.0 0.0 1.0 0.621304608484346
1.0 0.0 0.0 5.951341092865758 0.0 1.0 0.0 3.570883202999003 0.0 0.0 1.0 0.667648377143936
1.0 0.0 0.0 5.869225441415974 0.0 1.0 0.0 3.527742745323634 0.0 0.0 1.0 0.702008443633893
1.0 0.0 0.0 5.794476308004998 0.0 1.0 0.0 3.483339314301769 0.0 0.0 1.0 0.733778579153531
1.0 0.0 0.0 5.729393579369752 0.0 1.0 0.0 3.439855738275309 0.0 0.0 1.0 0.76350827452233
1.0 0.0 0.0 5.559544529622137 0.0 1.0 0.0 3.328823265600895 0.0 0.0 1.0 0.80441212910047
1.0 0.0 0.0 5.504197427035559 0.0 1.0 0.0 3.260035396209107 0.0 0.0 1.0 0.849621006773732
1.0 0.0 0.0 5.453601993752623 0.0 1.0 0.0 3.20242152024127 0.0 0.0 1.0 0.874839806382125
1.0 0.0 0.0 5.394899612958646 0.0 1.0 0.0 3.138102890062352 0.0 0.0 1.0 0.898079450374213
1.0 0.0 0.0 5.294659360925178 0.0 1.0 0.0 3.04208272584146 0.0 0.0 1.0 0.927302635348919
1.0 0.0 0.0 5.218954248929902 0.0 1.0 0.0 2.906587127840312 0.0 0.0 1.0 0.970665817611321
1.0 0.0 0.0 5.169367330387606 0.0 1.0 0.0 2.823924267888379 0.0 0.0 1.0 0.993326918728254
1.0 0.0 0.0 5.144298721721635 0.0 1.0 0.0 2.749367417477365 0.0 0.0 1.0 1.013550468159395
1.0 0.0 0.0 5.504919782807782 0.0 1.0 0.0 1.769596931731877 0.0 0.0 1.0 1.264248659757495
1.0 0.0 0.0 5.579510852726149 0.0 1.0 0.0 1.707750552947915 0.0 0.0 1.0 1.279966157308129
1.0 0.0 0.0 5.656168590277847 0.0 1.0 0.0 1.64505433157771 0.0 0.0 1.0 1.293456700355349
1.0 0.0 0.0 5.734618779126518 0.0 1.0 0.0 1.582317535531676 0.0 0.0 1.0 1.303482961274673
1.0 0.0 0.0 5.880899082199422 0.0 1.0 0.0 1.543518220720674 0.0 0.0 1.0 1.306556427886889
1.0 0.0 0.0 5.96755091254359 0.0 1.0 0.0 1.483396967662997 0.0 0.0 1.0 1.30775505863949
1.0 0.0 0.0 7.350527391282093 0.0 1.0 0.0 0.802543685225442 0.0 0.0 1.0 1.029329812892654
1.0 0.0 0.0 7.445935828309265 0.0 1.0 0.0 0.746840367522923 0.0 0.0 1.0 0.99711486229227
1.0 0.0 0.0 7.539505503123372 0.0 1.0 0.0 0.693917194009699 0.0 0.0 1.0 0.966047270958922
1.0 0.0 0.0 7.718944778113064 0.0 1.0 0.0 0.648793335054693 0.0 0.0 1.0 0.929029144835627
1.0 0.0 0.0 7.81534830255941 0.0 1.0 0.0 0.599303915901816 0.0 0.0 1.0 0.900587604381841
1.0 0.0 0.0 7.910549565418393 0.0 1.0 0.0 0.546752017784711 0.0 0.0 1.0 0.872910982046832
1.0 0.0 0.0 8.005295074279493 0.0 1.0 0.0 0.496565023427819 0.0 0.0 1.0 0.847475319108061
1.0 0.0 0.0 8.088745687534514 0.0 1.0 0.0 0.448379033792752 0.0 0.0 1.0 0.82565649545068
1.0 0.0 0.0 8.181009882022872 0.0 1.0 0.0 0.397996135624507 0.0 0.0 1.0 0.804246197599608
1.0 0.0 0.0 8.385464703924177 0.0 1.0 0.0 0.355071522503888 0.0 0.0 1.0 0.775577417339018
1.0 0.0 0.0 8.483089332078737 0.0 1.0 0.0 0.313675737888224 0.0 0.0 1.0 0.758783003954695
1.0 0.0 0.0 8.674023961229175 0.0 1.0 0.0 0.226602828671227 0.0 0.0 1.0 0.728804028636348
1.0 0.0 0.0 8.866368980342603 0.0 1.0 0.0 0.148975303683283 0.0 0.0 1.0 0.70496178630556
1.0 0.0 0.0 8.95841034930257 0.0 1.0 0.0 0.111493087647113 0.0 0.0 1.0 0.695078157360898
1.0 0.0 0.0 9.15181029767622 0.0 1.0 0.0 0.081219740524864 0.0 0.0 1.0 0.675971267782103
1.0 0.0 0.0 9.243385970070474 0.0 1.0 0.0 0.045590846606552 0.0 0.0 1.0 0.664367502348573
1.0 0.0 0.0 9.333672719216464 0.0 1.0 0.0 0.014137844783817 0.0 0.0 1.0 0.651251782897354
1.0 0.0 0.0 9.527552173375602 0.0 1.0 0.0 -0.040655601529039 0.0 0.0 1.0 0.619959814019949
1.0 0.0 0.0 9.61608284508428 0.0 1.0 0.0 -0.068495072856713 0.0 0.0 1.0 0.601653641614058
1.0 0.0 0.0 9.693670411433194 0.0 1.0 0.0 -0.092684686728778 0.0 0.0 1.0 0.585023300067397
1.0 0.0 0.0 9.867555942683648 0.0 1.0 0.0 -0.116545877695131 0.0 0.0 1.0 0.556983171958822
1.0 0.0 0.0 10.422109517426083 0.0 1.0 0.0 -0.200834474330269 0.0 0.0 1.0 0.445899222855577
1.0 0.0 0.0 10.497190212539001 0.0 1.0 0.0 -0.20508040670102 0.0 0.0 1.0 0.433652518161924
1.0 0.0 0.0 10.885501765367753 0.0 1.0 0.0 -0.182387539880301 0.0 0.0 1.0 0.39255664639425
1.0 0.0 0.0 11.150129092105553 0.0 1.0 0.0 -0.11887485344045 0.0 0.0 1.0 0.396695974084722
1.0 0.0 0.0 11.183860688280289 0.0 1.0 0.0 -0.101341163564973 0.0 0.0 1.0 0.400718291260644
1.0 0.0 0.0 11.213339092032887 0.0 1.0 0.0 -0.083550353300382 0.0 0.0 1.0 0.402666940972703
1.0 0.0 0.0 11.243634418169817 0.0 1.0 0.0 -0.06298157650456 0.0 0.0 1.0 0.40284362717502
1.0 0.0 0.0 11.289596628053994 0.0 1.0 0.0 -0.040195380123707 0.0 0.0 1.0 0.399138405014752
1.0 0.0 0.0 11.325336205068139 0.0 1.0 0.0 0.009172858424559 0.0 0.0 1.0 0.39401835157911
1.0 0.0 0.0 11.338201617931375 0.0 1.0 0.0 0.037737895116334 0.0 0.0 1.0 0.392610631590713
1.0 0.0 0.0 11.348069275789864 0.0 1.0 0.0 0.068012986560078 0.0 0.0 1.0 0.392211287538103
1.0 0.0 0.0 11.353994233039638 0.0 1.0 0.0 0.101662217267905 0.0 0.0 1.0 0.393726272659122
1.0 0.0 0.0 11.352924771800401 0.0 1.0 0.0 0.172686789181579 0.0 0.0 1.0 0.401899645940134
1.0 0.0 0.0 11.280695789999836 0.0 1.0 0.0 0.369426835319408 0.0 0.0 1.0 0.442090828872723
1.0 0.0 0.0 11.25678836077362 0.0 1.0 0.0 0.410587253520648 0.0 0.0 1.0 0.44884006717554
1.0 0.0 0.0 11.181898802833379 0.0 1.0 0.0 0.496293811554753 0.0 0.0 1.0 0.458991041750143
1.0 0.0 0.0 11.148778126675044 0.0 1.0 0.0 0.541502367576114 0.0 0.0 1.0 0.460582723769598
1.0 0.0 0.0 11.11731601511477 0.0 1.0 0.0 0.58577971020913 0.0 0.0 1.0 0.459973217436928
1.0 0.0 0.0 10.80053496268587 0.0 1.0 0.0 0.852885612736925 0.0 0.0 1.0 0.457386242413861
1.0 0.0 0.0 10.756592822894264 0.0 1.0 0.0 0.900787228345258 0.0 0.0 1.0 0.460211330926921
1.0 0.0 0.0 10.707828172359243 0.0 1.0 0.0 0.946704803402111 0.0 0.0 1.0 0.466041867920634
1.0 0.0 0.0 10.65977762641426 0.0 1.0 0.0 0.995301799180281 0.0 0.0 1.0 0.473834883926509
1.0 0.0 0.0 10.573112963968866 0.0 1.0 0.0 1.039340619325515 0.0 0.0 1.0 0.487547884425371
1.0 0.0 0.0 9.848973281318765 0.0 1.0 0.0 1.624059474253818 0.0 0.0 1.0 0.864261233507917
1.0 0.0 0.0 9.815625431188817 0.0 1.0 0.0 1.659222113038626 0.0 0.0 1.0 0.895687061221917
1.0 0.0 0.0 9.78283942851958 0.0 1.0 0.0 1.695257196511478 0.0 0.0 1.0 0.926284687418383
1.0 0.0 0.0 9.722149091220976 0.0 1.0 0.0 1.726507394598185 0.0 0.0 1.0 0.956635615862331
1.0 0.0 0.0 9.691700108590961 0.0 1.0 0.0 1.762494962905785 0.0 0.0 1.0 0.983302985981351
1.0 0.0 0.0 9.660250493644492 0.0 1.0 0.0 1.796349224905554 0.0 0.0 1.0 1.007214716207355
1.0 0.0 0.0 9.631003401241566 0.0 1.0 0.0 1.833471508512784 0.0 0.0 1.0 1.030670496244554
1.0 0.0 0.0 9.601344697142618 0.0 1.0 0.0 1.871267794736083 0.0 0.0 1.0 1.053148399432411
1.0 0.0 0.0 9.573241674419943 0.0 1.0 0.0 1.910062511199056 0.0 0.0 1.0 1.074548698141488
1.0 0.0 0.0 9.503434860360569 0.0 1.0 0.0 1.984880373962642 0.0 0.0 1.0 1.113397494931682
1.0 0.0 0.0 9.4583185091636 0.0 1.0 0.0 2.067783542720441 0.0 0.0 1.0 1.145544080150084
1.0 0.0 0.0 9.42477830104938 0.0 1.0 0.0 2.105988525538652 0.0 0.0 1.0 1.159804143174946
1.0 0.0 0.0 9.40560073861464 0.0 1.0 0.0 2.147438188847853 0.0 0.0 1.0 1.172303737865792
1.0 0.0 0.0 9.365821188193069 0.0 1.0 0.0 2.233072554397503 0.0 0.0 1.0 1.194632566728106
1.0 0.0 0.0 9.351358242740398 0.0 1.0 0.0 2.277268097433149 0.0 0.0 1.0 1.204082135533661
1.0 0.0 0.0 9.31475178235813 0.0 1.0 0.0 2.417272690330143 0.0 0.0 1.0 1.225961972159996
1.0 0.0 0.0 9.30444544331254 0.0 1.0 0.0 2.465002026903327 0.0 0.0 1.0 1.230782677399518
1.0 0.0 0.0 9.297919164967084 0.0 1.0 0.0 2.516785401840223 0.0 0.0 1.0 1.23397846127132
1.0 0.0 0.0 9.289955612317971 0.0 1.0 0.0 2.565081949966327 0.0 0.0 1.0 1.235908678822404
1.0 0.0 0.0 9.274012279529202 0.0 1.0 0.0 2.665906335797653 0.0 0.0 1.0 1.235728183040715
1.0 0.0 0.0 9.272614424620848 0.0 1.0 0.0 2.720695488618505 0.0 0.0 1.0 1.233305459735404
1.0 0.0 0.0 9.252059724017716 0.0 1.0 0.0 2.936505716122374 0.0 0.0 1.0 1.210739899346916
1.0 0.0 0.0 9.242157691107472 0.0 1.0 0.0 2.989508774255845 0.0 0.0 1.0 1.20215421668489
1.0 0.0 0.0 9.23487132904941 0.0 1.0 0.0 3.039943455988898 0.0 0.0 1.0 1.192983120505442
1.0 0.0 0.0 9.22335378761995 0.0 1.0 0.0 3.095689348508481 0.0 0.0 1.0 1.182119999457385
1.0 0.0 0.0 9.213381826528234 0.0 1.0 0.0 3.145806837353297 0.0 0.0 1.0 1.170729162380038
1.0 0.0 0.0 9.204394071393736 0.0 1.0 0.0 3.198182346932699 0.0 0.0 1.0 1.157788693189047
1.0 0.0 0.0 9.192951850420695 0.0 1.0 0.0 3.250506455879905 0.0 0.0 1.0 1.143985229585155
1.0 0.0 0.0 9.184119952054681 0.0 1.0 0.0 3.303338026038554 0.0 0.0 1.0 1.128452978196668
1.0 0.0 0.0 9.15492260734548 0.0 1.0 0.0 3.402581857057323 0.0 0.0 1.0 1.094637706763938
1.0 0.0 0.0 9.13792510555847 0.0 1.0 0.0 3.451381521398286 0.0 0.0 1.0 1.075870714916586
1.0 0.0 0.0 9.121055639726222 0.0 1.0 0.0 3.49622556603481 0.0 0.0 1.0 1.057391858759667
1.0 0.0 0.0 9.101008931218677 0.0 1.0 0.0 3.542750525950304 0.0 0.0 1.0 1.037235468345489
1.0 0.0 0.0 9.05680377987448 0.0 1.0 0.0 3.627793751076238 0.0 0.0 1.0 0.999358919339298
1.0 0.0 0.0 9.033564733818595 0.0 1.0 0.0 3.667115464336819 0.0 0.0 1.0 0.983278835584573
1.0 0.0 0.0 8.998754657643024 0.0 1.0 0.0 3.702579444987404 0.0 0.0 1.0 0.968780613234837
1.0 0.0 0.0 8.968501876433994 0.0 1.0 0.0 3.739716889113037 0.0 0.0 1.0 0.95579675421843
1.0 0.0 0.0 8.910535812689814 0.0 1.0 0.0 3.80470081855207 0.0 0.0 1.0 0.93656937323023
1.0 0.0 0.0 8.791678961417801 0.0 1.0 0.0 3.886104716350144 0.0 0.0 1.0 0.912417388433866
1.0 0.0 0.0 8.754209279839873 0.0 1.0 0.0 3.912126210031457 0.0 0.0 1.0 0.902249020791853
1.0 0.0 0.0 8.715920826284082 0.0 1.0 0.0 3.93925523208954 0.0 0.0 1.0 0.890242734351633
1.0 0.0 0.0 8.677283275818752 0.0 1.0 0.0 3.964106961011705 0.0 0.0 1.0 0.877141519936587
1.0 0.0 0.0 8.616402108713695 0.0 1.0 0.0 3.977004762397082 0.0 0.0 1.0 0.864482730245659
1.0 0.0 0.0 8.577250966413503 0.0 1.0 0.0 3.99932956207471 0.0 0.0 1.0 0.848828755491515
1.0 0.0 0.0 8.496825068190763 0.0 1.0 0.0 4.039952178429388 0.0 0.0 1.0 0.815962002675227
1.0 0.0 0.0 8.45463988843888 0.0 1.0 0.0 4.057747822982798 0.0 0.0 1.0 0.798134432085166
1.0 0.0 0.0 8.388078515526882 0.0 1.0 0.0 4.061380610806602 0.0 0.0 1.0 0.782117666936456
1.0 0.0 0.0 8.345879429798249 0.0 1.0 0.0 4.075880136336626 0.0 0.0 1.0 0.762714859795314
1.0 0.0 0.0 8.302047872609661 0.0 1.0 0.0 4.086587764558029 0.0 0.0 1.0 0.743665668006221
1.0 0.0 0.0 8.258554206719307 0.0 1.0 0.0 4.096269301228459 0.0 0.0 1.0 0.724482969765642
1.0 0.0 0.0 8.136671080328533 0.0 1.0 0.0 4.08988264651911 0.0 0.0 1.0 0.69556762612423
1.0 0.0 0.0 8.09312938981387 0.0 1.0 0.0 4.091216566409477 0.0 0.0 1.0 0.682863737048378
1.0 0.0 0.0 8.047365351200277 0.0 1.0 0.0 4.08846878882155 0.0 0.0 1.0 0.673023686572817
1.0 0.0 0.0 7.962273033715009 0.0 1.0 0.0 4.062461524329856 0.0 0.0 1.0 0.670208109762602
1.0 0.0 0.0 7.867266151968991 0.0 1.0 0.0 4.047269856363854 0.0 0.0 1.0 0.658655868295663
1.0 0.0 0.0 7.817443120668568 0.0 1.0 0.0 4.035532039939949 0.0 0.0 1.0 0.654043753242577
1.0 0.0 0.0 7.768968313100508 0.0 1.0 0.0 4.02305059864402 0.0 0.0 1.0 0.648176970797956
1.0 0.0 0.0 7.626848841622159 0.0 1.0 0.0 3.97131982736534 0.0 0.0 1.0 0.635601040828603
1.0 0.0 0.0 7.480659421370739 0.0 1.0 0.0 3.919175826068376 0.0 0.0 1.0 0.597786167999542
1.0 0.0 0.0 7.382793319893215 0.0 1.0 0.0 3.874455880327539 0.0 0.0 1.0 0.59015841869249
1.0 0.0 0.0 7.334786677421807 0.0 1.0 0.0 3.854763151587912 0.0 0.0 1.0 0.577863323085626
1.0 0.0 0.0 7.286638268712682 0.0 1.0 0.0 3.833502010953415 0.0 0.0 1.0 0.567264473821056
1.0 0.0 0.0 7.23597587685638 0.0 1.0 0.0 3.81092325424776 0.0 0.0 1.0 0.558540006935264
1.0 0.0 0.0 7.088959597258939 0.0 1.0 0.0 3.738826946171329 0.0 0.0 1.0 0.553614589739876
1.0 0.0 0.0 7.039248511815229 0.0 1.0 0.0 3.713765363704638 0.0 0.0 1.0 0.551293559334023
1.0 0.0 0.0 6.938917691717681 0.0 1.0 0.0 3.661437476086959 0.0 0.0 1.0 0.556742989602811
1.0 0.0 0.0 6.840263615095658 0.0 1.0 0.0 3.605388677780925 0.0 0.0 1.0 0.560179901401668
1.0 0.0 0.0 6.787310867043121 0.0 1.0 0.0 3.579500211393655 0.0 0.0 1.0 0.564460659113303
1.0 0.0 0.0 6.737030226458124 0.0 1.0 0.0 3.553168460519705 0.0 0.0 1.0 0.569912927781541
1.0 0.0 0.0 6.684879526700377 0.0 1.0 0.0 3.524651968638897 0.0 0.0 1.0 0.578225590799032
1.0 0.0 0.0 6.586329314951059 0.0 1.0 0.0 3.47168441294795 0.0 0.0 1.0 0.594295134308227
1.0 0.0 0.0 6.360038254342394 0.0 1.0 0.0 3.349940027801253 0.0 0.0 1.0 0.635179936229932
1.0 0.0 0.0 6.27285126042071 0.0 1.0 0.0 3.29881863614936 0.0 0.0 1.0 0.65836486805867
1.0 0.0 0.0 6.154651317590334 0.0 1.0 0.0 3.232270360448432 0.0 0.0 1.0 0.661500048973861
1.0 0.0 0.0 6.110505786362725 0.0 1.0 0.0 3.206530735646649 0.0 0.0 1.0 0.655877730175605
1.0 0.0 0.0 5.773911238168322 0.0 1.0 0.0 3.02371876012178 0.0 0.0 1.0 0.663762025394749
1.0 0.0 0.0 5.687637434716309 0.0 1.0 0.0 2.955722508661872 0.0 0.0 1.0 0.596480157365651
1.0 0.0 0.0 5.619413107386647 0.0 1.0 0.0 2.912475551047303 0.0 0.0 1.0 0.591695779579148
1.0 0.0 0.0 5.566727821802443 0.0 1.0 0.0 2.876095442040075 0.0 0.0 1.0 0.58571873912574
1.0 0.0 0.0 5.511908855844098 0.0 1.0 0.0 2.838013045978643 0.0 0.0 1.0 0.582464088047849
1.0 0.0 0.0 5.352257076850309 0.0 1.0 0.0 2.732715587755977 0.0 0.0 1.0 0.589149050429879
1.0 0.0 0.0 5.302572158049615 0.0 1.0 0.0 2.694242196963356 0.0 0.0 1.0 0.588953769263803
1.0 0.0 0.0 5.252126241798544 0.0 1.0 0.0 2.654838245838847 0.0 0.0 1.0 0.588446232135443
1.0 0.0 0.0 5.104269306140894 0.0 1.0 0.0 2.551174064288959 0.0 0.0 1.0 0.591675123453147
1.0 0.0 0.0 4.954516537845479 0.0 1.0 0.0 2.446923660762041 0.0 0.0 1.0 0.590561402154315
1.0 0.0 0.0 4.917543407630039 0.0 1.0 0.0 2.412913115896469 0.0 0.0 1.0 0.581162821411061
1.0 0.0 0.0 4.873051844335533 0.0 1.0 0.0 2.375986069536098 0.0 0.0 1.0 0.57276658517066
1.0 0.0 0.0 4.827648903425138 0.0 1.0 0.0 2.338941304055654 0.0 0.0 1.0 0.565726232428965
1.0 0.0 0.0 4.78152127922287 0.0 1.0 0.0 2.301401698802267 0.0 0.0 1.0 0.560008004056689
1.0 0.0 0.0 4.734772598080605 0.0 1.0 0.0 2.263437802254118 0.0 0.0 1.0 0.55626402943226
1.0 0.0 0.0 4.693200864760709 0.0 1.0 0.0 2.229491361258214 0.0 0.0 1.0 0.554584918766452
1.0 0.0 0.0 4.562782687393473 0.0 1.0 0.0 2.139283837212081 0.0 0.0 1.0 0.566375481335749
1.0 0.0 0.0 4.524288181516344 0.0 1.0 0.0 2.108030115551149 0.0 0.0 1.0 0.570222623661779
1.0 0.0 0.0 4.48838975537994 0.0 1.0 0.0 2.079061843857949 0.0 0.0 1.0 0.575664243761111
1.0 0.0 0.0 4.451872085236859 0.0 1.0 0.0 2.049781057347501 0.0 0.0 1.0 0.582981234546658
1.0 0.0 0.0 4.416105832076648 0.0 1.0 0.0 2.022106447975757 0.0 0.0 1.0 0.592226537719965
1.0 0.0 0.0 4.38295911604986 0.0 1.0 0.0 1.99648838073121 0.0 0.0 1.0 0.602578877924125
1.0 0.0 0.0 4.240543002126443 0.0 1.0 0.0 1.905151866297642 0.0 0.0 1.0 0.654300295711074
1.0 0.0 0.0 4.208960427474279 0.0 1.0 0.0 1.876315217043016 0.0 0.0 1.0 0.688514990385834
1.0 0.0 0.0 4.157030224338528 0.0 1.0 0.0 1.846994318152119 0.0 0.0 1.0 0.714814113139999
1.0 0.0 0.0 4.134039928418822 0.0 1.0 0.0 1.830972379420785 0.0 0.0 1.0 0.737887013947592
1.0 0.0 0.0 4.110503605406483 0.0 1.0 0.0 1.815614218451047 0.0 0.0 1.0 0.760036241816919
1.0 0.0 0.0 4.084921893887269 0.0 1.0 0.0 1.799749926567883 0.0 0.0 1.0 0.782318385272995
1.0 0.0 0.0 4.065275054828927 0.0 1.0 0.0 1.78687387254668 0.0 0.0 1.0 0.802183322479982
1.0 0.0 0.0 4.043212309065047 0.0 1.0 0.0 1.773453337143759 0.0 0.0 1.0 0.819795302279339
1.0 0.0 0.0 4.024598071114228 0.0 1.0 0.0 1.76178399054589 0.0 0.0 1.0 0.836479576692517
1.0 0.0 0.0 4.005480562301627 0.0 1.0 0.0 1.750454504515944 0.0 0.0 1.0 0.851255668858713
1.0 0.0 0.0 3.968893955941936 0.0 1.0 0.0 1.731621116078969 0.0 0.0 1.0 0.867542432930662
1.0 0.0 0.0 3.952224017104601 0.0 1.0 0.0 1.721183558230101 0.0 0.0 1.0 0.879736289518439
1.0 0.0 0.0 3.936644846356737 0.0 1.0 0.0 1.71051294681165 0.0 0.0 1.0 0.891362263246112
1.0 0.0 0.0 3.921291350637011 0.0 1.0 0.0 1.699012625234537 0.0 0.0 1.0 0.902262739497394
1.0 0.0 0.0 3.895933844162764 0.0 1.0 0.0 1.677183322856894 0.0 0.0 1.0 0.919535980531157
1.0 0.0 0.0 3.883548272125939 0.0 1.0 0.0 1.665182210763468 0.0 0.0 1.0 0.927171412725156
1.0 0.0 0.0 3.857601328742093 0.0 1.0 0.0 1.646628725681762 0.0 0.0 1.0 0.935594530545788
1.0 0.0 0.0 3.848316493639359 0.0 1.0 0.0 1.634209235069014 0.0 0.0 1.0 0.940944666645331
1.0 0.0 0.0 3.839178981706809 0.0 1.0 0.0 1.621039184453609 0.0 0.0 1.0 0.945251350719656
1.0 0.0 0.0 3.823455844664086 0.0 1.0 0.0 1.592177051398195 0.0 0.0 1.0 0.949522547721303
1.0 0.0 0.0 3.816897981745177 0.0 1.0 0.0 1.576231410579566 0.0 0.0 1.0 0.949073761583248
1.0 0.0 0.0 3.812667838463043 0.0 1.0 0.0 1.561923036344097 0.0 0.0 1.0 0.947021273494592
1.0 0.0 0.0 3.807874177242836 0.0 1.0 0.0 1.545678905418532 0.0 0.0 1.0 0.943445950846306
1.0 0.0 0.0 3.794576085688584 0.0 1.0 0.0 1.509804291057186 0.0 0.0 1.0 0.932570684721814
1.0 0.0 0.0 3.793246050544775 0.0 1.0 0.0 1.493648811156388 0.0 0.0 1.0 0.924545262203805
1.0 0.0 0.0 3.792560697107812 0.0 1.0 0.0 1.478134488366929 0.0 0.0 1.0 0.915786410584038
1.0 0.0 0.0 3.7916005441168 0.0 1.0 0.0 1.462844528097336 0.0 0.0 1.0 0.906318160298806
1.0 0.0 0.0 3.791319038867193 0.0 1.0 0.0 1.448809502738777 0.0 0.0 1.0 0.897823563610204
1.0 0.0 0.0 3.791910422467622 0.0 1.0 0.0 1.435883187774863 0.0 0.0 1.0 0.891058103310028
1.0 0.0 0.0 3.791053962737324 0.0 1.0 0.0 1.421782283443638 0.0 0.0 1.0 0.886303335244484
1.0 0.0 0.0 3.793221135668496 0.0 1.0 0.0 1.409109830716794 0.0 0.0 1.0 0.883814325450994
1.0 0.0 0.0 3.796294450018064 0.0 1.0 0.0 1.397623512980032 0.0 0.0 1.0 0.883223308641665
1.0 0.0 0.0 3.802301495245354 0.0 1.0 0.0 1.377452108573503 0.0 0.0 1.0 0.888133339167064
1.0 0.0 0.0 3.809975866208155 0.0 1.0 0.0 1.359800719882384 0.0 0.0 1.0 0.896445807274143
1.0 0.0 0.0 3.814658900237518 0.0 1.0 0.0 1.351090142208615 0.0 0.0 1.0 0.899695060299433
1.0 0.0 0.0 3.825397627409965 0.0 1.0 0.0 1.333569798173599 0.0 0.0 1.0 0.901582792441151
1.0 0.0 0.0 3.830436353896059 0.0 1.0 0.0 1.324559754125995 0.0 0.0 1.0 0.900114930475244
1.0 0.0 0.0 3.836242212855694 0.0 1.0 0.0 1.31564780839253 0.0 0.0 1.0 0.897113668957497
1.0 0.0 0.0 3.843793676581763 0.0 1.0 0.0 1.306950688141483 0.0 0.0 1.0 0.892289293306692
1.0 0.0 0.0 3.860084735187553 0.0 1.0 0.0 1.290622240124136 0.0 0.0 1.0 0.879604393437397
1.0 0.0 0.0 3.86780505030633 0.0 1.0 0.0 1.280602648412462 0.0 0.0 1.0 0.873750507527052
1.0 0.0 0.0 3.875555029576406 0.0 1.0 0.0 1.271307906996658 0.0 0.0 1.0 0.869806592613687
1.0 0.0 0.0 3.883681148147725 0.0 1.0 0.0 1.261658220365259 0.0 0.0 1.0 0.867678547987495
1.0 0.0 0.0 3.892294628716458 0.0 1.0 0.0 1.251357330290959 0.0 0.0 1.0 0.86747701435386
1.0 0.0 0.0 3.90103410360814 0.0 1.0 0.0 1.241249015843868 0.0 0.0 1.0 0.868677102553215
1.0 0.0 0.0 3.914866804438032 0.0 1.0 0.0 1.232012883806155 0.0 0.0 1.0 0.870523542373849
1.0 0.0 0.0 3.924277808865093 0.0 1.0 0.0 1.220856964337443 0.0 0.0 1.0 0.874398508426174
1.0 0.0 0.0 3.934232095182861 0.0 1.0 0.0 1.208824384013937 0.0 0.0 1.0 0.880335960326227
1.0 0.0 0.0 3.953956769534101 0.0 1.0 0.0 1.183156290080429 0.0 0.0 1.0 0.896022011151239
1.0 0.0 0.0 3.963895150387101 0.0 1.0 0.0 1.169169665289342 0.0 0.0 1.0 0.906379477192896
1.0 0.0 0.0 3.973867989911597 0.0 1.0 0.0 1.15515028256554 0.0 0.0 1.0 0.917568666841841
1.0 0.0 0.0 3.984341357742325 0.0 1.0 0.0 1.139989927697955 0.0 0.0 1.0 0.930683234564612
1.0 0.0 0.0 4.00794558964288 0.0 1.0 0.0 1.1080944101083 0.0 0.0 1.0 0.960614056633313
1.0 0.0 0.0 4.017757398704353 0.0 1.0 0.0 1.091091076213859 0.0 0.0 1.0 0.975832012527641
1.0 0.0 0.0 4.027150276486077 0.0 1.0 0.0 1.074447146129623 0.0 0.0 1.0 0.989689919366966
1.0 0.0 0.0 4.036738127733589 0.0 1.0 0.0 1.056236783437771 0.0 0.0 1.0 1.002902814326518
1.0 0.0 0.0 4.046996532467662 0.0 1.0 0.0 1.037976918168972 0.0 0.0 1.0 1.014147252069587
1.0 0.0 0.0 4.056051841366943 0.0 1.0 0.0 1.019124260510414 0.0 0.0 1.0 1.023864315880624
1.0 0.0 0.0 4.067402111854406 0.0 1.0 0.0 1.001876647522039 0.0 0.0 1.0 1.031059254607038
1.0 0.0 0.0 4.076062742317498 0.0 1.0 0.0 0.982112045969855 0.0 0.0 1.0 1.037516792429915
1.0 0.0 0.0 4.084312735939161 0.0 1.0 0.0 0.962817320868716 0.0 0.0 1.0 1.042383739289882
1.0 0.0 0.0 4.101076416939534 0.0 1.0 0.0 0.92399979743579 0.0 0.0 1.0 1.04769200210118
1.0 0.0 0.0 4.108748441639271 0.0 1.0 0.0 0.903663897772953 0.0 0.0 1.0 1.048179419130163
1.0 0.0 0.0 4.116244064557733 0.0 1.0 0.0 0.883013050153089 0.0 0.0 1.0 1.047470555794851
1.0 0.0 0.0 4.127633155432092 0.0 1.0 0.0 0.862094462088721 0.0 0.0 1.0 1.045329341342766
1.0 0.0 0.0 4.143867846248044 0.0 1.0 0.0 0.819444659023204 0.0 0.0 1.0 1.039478086893515
1.0 0.0 0.0 4.152023555494174 0.0 1.0 0.0 0.797244721684074 0.0 0.0 1.0 1.037051359626184
1.0 0.0 0.0 4.160461680905427 0.0 1.0 0.0 0.773655010921703 0.0 0.0 1.0 1.036019176768219
1.0 0.0 0.0 4.169475402212273 0.0 1.0 0.0 0.752558551618821 0.0 0.0 1.0 1.036330909074389
1.0 0.0 0.0 4.178110906153409 0.0 1.0 0.0 0.728337605188137 0.0 0.0 1.0 1.038604731780951
1.0 0.0 0.0 4.187898602072215 0.0 1.0 0.0 0.703463182629712 0.0 0.0 1.0 1.042502790473091
1.0 0.0 0.0 4.202412061945359 0.0 1.0 0.0 0.679749576990337 0.0 0.0 1.0 1.046286521644943
1.0 0.0 0.0 4.223088307387612 0.0 1.0 0.0 0.630334239006522 0.0 0.0 1.0 1.053593371959359
1.0 0.0 0.0 4.245851293655425 0.0 1.0 0.0 0.578542546931472 0.0 0.0 1.0 1.054881059655222
1.0 0.0 0.0 4.257182431991512 0.0 1.0 0.0 0.552977561288309 0.0 0.0 1.0 1.053117354414747
1.0 0.0 0.0 4.268403343305748 0.0 1.0 0.0 0.526838274706688 0.0 0.0 1.0 1.051237412951101
1.0 0.0 0.0 4.289433476062099 0.0 1.0 0.0 0.499841378920431 0.0 0.0 1.0 1.047090176137543
1.0 0.0 0.0 4.312553210885993 0.0 1.0 0.0 0.445111182859175 0.0 0.0 1.0 1.046246261111484
1.0 0.0 0.0 4.323722769671735 0.0 1.0 0.0 0.416798064359305 0.0 0.0 1.0 1.048731354740457
1.0 0.0 0.0 4.346380954152502 0.0 1.0 0.0 0.357264546896432 0.0 0.0 1.0 1.060360130218403
1.0 0.0 0.0 4.357497016726337 0.0 1.0 0.0 0.329174019535548 0.0 0.0 1.0 1.068713827328163
1.0 0.0 0.0 4.375718641970213 0.0 1.0 0.0 0.299195359704621 0.0 0.0 1.0 1.078487651306124
1.0 0.0 0.0 4.386781118590117 0.0 1.0 0.0 0.269402699768533 0.0 0.0 1.0 1.089828406128563
1.0 0.0 0.0 4.407118599360637 0.0 1.0 0.0 0.208465517630762 0.0 0.0 1.0 1.111199923889597
1.0 0.0 0.0 4.418300967725182 0.0 1.0 0.0 0.176766799980012 0.0 0.0 1.0 1.119876144697989
1.0 0.0 0.0 4.427969781706246 0.0 1.0 0.0 0.147521041854854 0.0 0.0 1.0 1.126475914052006
1.0 0.0 0.0 4.437458378203123 0.0 1.0 0.0 0.113819879582204 0.0 0.0 1.0 1.132018654607957
1.0 0.0 0.0 4.447451197240864 0.0 1.0 0.0 0.082955128138617 0.0 0.0 1.0 1.135370349965098
1.0 0.0 0.0 4.466223915324889 0.0 1.0 0.0 0.047022157349496 0.0 0.0 1.0 1.137660172271122
1.0 0.0 0.0 4.48636993175531 0.0 1.0 0.0 -0.017259943523728 0.0 0.0 1.0 1.136005742590471
1.0 0.0 0.0 4.495949104702682 0.0 1.0 0.0 -0.051290877296114 0.0 0.0 1.0 1.133612785030441
1.0 0.0 0.0 4.505159478471845 0.0 1.0 0.0 -0.085878837101829 0.0 0.0 1.0 1.129979173379223
1.0 0.0 0.0 4.514099815528398 0.0 1.0 0.0 -0.121374658918523 0.0 0.0 1.0 1.126573460958879
1.0 0.0 0.0 4.520730955013776 0.0 1.0 0.0 -0.152809913333093 0.0 0.0 1.0 1.121212246969714
1.0 0.0 0.0 4.577839887791798 0.0 1.0 0.0 -0.223660556382423 0.0 0.0 1.0 1.106681169947185
1.0 0.0 0.0 4.592544542277321 0.0 1.0 0.0 -0.319660115244673 0.0 0.0 1.0 1.086979006055251
1.0 0.0 0.0 4.609151586908104 0.0 1.0 0.0 -0.41287557298057 0.0 0.0 1.0 1.085354410840859
1.0 0.0 0.0 4.628594013265035 0.0 1.0 0.0 -0.444111367182298 0.0 0.0 1.0 1.087114304009871
1.0 0.0 0.0 4.636937978130614 0.0 1.0 0.0 -0.475654927868643 0.0 0.0 1.0 1.091378094957106
1.0 0.0 0.0 4.645394050803065 0.0 1.0 0.0 -0.506037630874283 0.0 0.0 1.0 1.097860034922692
1.0 0.0 0.0 4.65466171102462 0.0 1.0 0.0 -0.537516346162829 0.0 0.0 1.0 1.105810094516982
1.0 0.0 0.0 4.662820084011603 0.0 1.0 0.0 -0.567928722141485 0.0 0.0 1.0 1.113580251661445
1.0 0.0 0.0 4.670570040525681 0.0 1.0 0.0 -0.599503328982381 0.0 0.0 1.0 1.120609835994342
1.0 0.0 0.0 4.688742004543885 0.0 1.0 0.0 -0.633473638726246 0.0 0.0 1.0 1.125401879635738
1.0 0.0 0.0 4.695934744285134 0.0 1.0 0.0 -0.664175619349067 0.0 0.0 1.0 1.129164338808399
1.0 0.0 0.0 4.702093296002089 0.0 1.0 0.0 -0.692873083866436 0.0 0.0 1.0 1.131298380257889
1.0 0.0 0.0 4.708332846902301 0.0 1.0 0.0 -0.72590230472868 0.0 0.0 1.0 1.132083839791991
1.0 0.0 0.0 4.713518954894944 0.0 1.0 0.0 -0.757112569861536 0.0 0.0 1.0 1.131383415450463
1.0 0.0 0.0 4.723197185286664 0.0 1.0 0.0 -0.818637748724259 0.0 0.0 1.0 1.126466861552191
1.0 0.0 0.0 4.734266512408892 0.0 1.0 0.0 -0.851868262204559 0.0 0.0 1.0 1.12172078716992
1.0 0.0 0.0 4.737438375253976 0.0 1.0 0.0 -0.882117364011569 0.0 0.0 1.0 1.115896805045574
1.0 0.0 0.0 4.739132079610773 0.0 1.0 0.0 -0.913421485955415 0.0 0.0 1.0 1.109246676946959
1.0 0.0 0.0 4.739005778822506 0.0 1.0 0.0 -0.942535048060846 0.0 0.0 1.0 1.102515237801153
1.0 0.0 0.0 4.738417934787393 0.0 1.0 0.0 -0.973048532559757 0.0 0.0 1.0 1.095860617121049
1.0 0.0 0.0 4.736932919796836 0.0 1.0 0.0 -1.002664146319863 0.0 0.0 1.0 1.090787678197055
1.0 0.0 0.0 4.734070914355639 0.0 1.0 0.0 -1.033851365882858 0.0 0.0 1.0 1.087765696893197
1.0 0.0 0.0 4.734982232969718 0.0 1.0 0.0 -1.061730723769756 0.0 0.0 1.0 1.086456677230082
1.0 0.0 0.0 4.726200486275441 0.0 1.0 0.0 -1.121346067888386 0.0 0.0 1.0 1.084445073437957
1.0 0.0 0.0 4.721202139371695 0.0 1.0 0.0 -1.149720856020049 0.0 0.0 1.0 1.081704590369841
1.0 0.0 0.0 4.7159638046609 0.0 1.0 0.0 -1.177790228633593 0.0 0.0 1.0 1.077404314401907
1.0 0.0 0.0 4.710899960904813 0.0 1.0 0.0 -1.204008349213971 0.0 0.0 1.0 1.071750298024415
1.0 0.0 0.0 4.704409046235893 0.0 1.0 0.0 -1.23055841614997 0.0 0.0 1.0 1.064526366418029
1.0 0.0 0.0 4.700185471803324 0.0 1.0 0.0 -1.259075644492101 0.0 0.0 1.0 1.055664044881376
1.0 0.0 0.0 4.694482160572669 0.0 1.0 0.0 -1.284861348588127 0.0 0.0 1.0 1.047267441657019
1.0 0.0 0.0 4.688055747770629 0.0 1.0 0.0 -1.312162002676626 0.0 0.0 1.0 1.037485976779834
1.0 0.0 0.0 4.675607813584771 0.0 1.0 0.0 -1.363135756157489 0.0 0.0 1.0 1.017045366330454
1.0 0.0 0.0 4.669732320884465 0.0 1.0 0.0 -1.386620523150134 0.0 0.0 1.0 1.006890378265969
1.0 0.0 0.0 4.663474948967258 0.0 1.0 0.0 -1.410672624137338 0.0 0.0 1.0 0.99614833354815
1.0 0.0 0.0 4.660662125288328 0.0 1.0 0.0 -1.433823147575798 0.0 0.0 1.0 0.986921932633639
1.0 0.0 0.0 4.654978917075309 0.0 1.0 0.0 -1.456494142293238 0.0 0.0 1.0 0.980113204508739
1.0 0.0 0.0 4.645264398541675 0.0 1.0 0.0 -1.498503387754819 0.0 0.0 1.0 0.974880914410978
1.0 0.0 0.0 4.640161836719718 0.0 1.0 0.0 -1.518198952052936 0.0 0.0 1.0 0.976995937606962
1.0 0.0 0.0 4.636288631690142 0.0 1.0 0.0 -1.538070610192218 0.0 0.0 1.0 0.981951281387416
1.0 0.0 0.0 4.628061874967073 0.0 1.0 0.0 -1.606339532410537 0.0 0.0 1.0 1.012030948931713
1.0 0.0 0.0 4.624861207290972 0.0 1.0 0.0 -1.620481183355593 0.0 0.0 1.0 1.01839421945342
1.0 0.0 0.0 4.623768480223522 0.0 1.0 0.0 -1.634283353438537 0.0 0.0 1.0 1.023888970017052
1.0 0.0 0.0 4.623110911710502 0.0 1.0 0.0 -1.64637395126651 0.0 0.0 1.0 1.028121586389998
1.0 0.0 0.0 4.621563221244144 0.0 1.0 0.0 -1.657704349348572 0.0 0.0 1.0 1.031742175903264
1.0 0.0 0.0 4.621650262047279 0.0 1.0 0.0 -1.66714238287008 0.0 0.0 1.0 1.034507766046411
1.0 0.0 0.0 4.621608792339216 0.0 1.0 0.0 -1.676709915059407 0.0 0.0 1.0 1.036649047734228
1.0 0.0 0.0 4.621070979618477 0.0 1.0 0.0 -1.684333893565118 0.0 0.0 1.0 1.037617905383377
1.0 0.0 0.0 4.621854401008808 0.0 1.0 0.0 -1.691014732812333 0.0 0.0 1.0 1.037770482641471
1.0 0.0 0.0 4.622821380730557 0.0 1.0 0.0 -1.696944891255656 0.0 0.0 1.0 1.037081247776898
1.0 0.0 0.0 4.623333295352675 0.0 1.0 0.0 -1.700943868634123 0.0 0.0 1.0 1.035498922803807
1.0 0.0 0.0 4.628943078268764 0.0 1.0 0.0 -1.705220615071825 0.0 0.0 1.0 1.032437721070779
1.0 0.0 0.0 4.63088034549638 0.0 1.0 0.0 -1.707608772588281 0.0 0.0 1.0 1.028549506973039
1.0 0.0 0.0 4.635992176084589 0.0 1.0 0.0 -1.711078794263996 0.0 0.0 1.0 1.017821822922634
1.0 0.0 0.0 4.638339655696383 0.0 1.0 0.0 -1.711540038258987 0.0 0.0 1.0 1.011178920113657
1.0 0.0 0.0 4.64074993068303 0.0 1.0 0.0 -1.711499846866313 0.0 0.0 1.0 1.003475385599701
1.0 0.0 0.0 4.644178694674475 0.0 1.0 0.0 -1.711347317252229 0.0 0.0 1.0 0.995016260709591
1.0 0.0 0.0 4.654811653886151 0.0 1.0 0.0 -1.711563834131844 0.0 0.0 1.0 0.975652273494501
1.0 0.0 0.0 4.658063115281117 0.0 1.0 0.0 -1.711404723391944 0.0 0.0 1.0 0.966035252673114
1.0 0.0 0.0 4.662087531285551 0.0 1.0 0.0 -1.711949941543871 0.0 0.0 1.0 0.956234656295106
1.0 0.0 0.0 4.666052984507366 0.0 1.0 0.0 -1.712366786958582 0.0 0.0 1.0 0.945698571653166
1.0 0.0 0.0 4.669826395179004 0.0 1.0 0.0 -1.713286924709039 0.0 0.0 1.0 0.935281544494395
1.0 0.0 0.0 4.676977969019643 0.0 1.0 0.0 -1.716331023815159 0.0 0.0 1.0 0.92396603972983
1.0 0.0 0.0 4.67924454582081 0.0 1.0 0.0 -1.718300297949135 0.0 0.0 1.0 0.913499838971942
1.0 0.0 0.0 4.682138790800435 0.0 1.0 0.0 -1.721260562331872 0.0 0.0 1.0 0.902569385384828
1.0 0.0 0.0 4.683830140115287 0.0 1.0 0.0 -1.724502227131089 0.0 0.0 1.0 0.891623592956932
1.0 0.0 0.0 4.688073835927614 0.0 1.0 0.0 -1.73379675569924 0.0 0.0 1.0 0.868437502954731
1.0 0.0 0.0 4.690823252556336 0.0 1.0 0.0 -1.744089576030554 0.0 0.0 1.0 0.845740008344292
1.0 0.0 0.0 4.696014829660189 0.0 1.0 0.0 -1.751610581152627 0.0 0.0 1.0 0.833694416096201
1.0 0.0 0.0 4.696771237872208 0.0 1.0 0.0 -1.763934803331555 0.0 0.0 1.0 0.811163810768011
1.0 0.0 0.0 4.69698621367414 0.0 1.0 0.0 -1.770574300222695 0.0 0.0 1.0 0.800329966376229
1.0 0.0 0.0 4.696140555716082 0.0 1.0 0.0 -1.777342798322806 0.0 0.0 1.0 0.790150927100322
1.0 0.0 0.0 4.696126930648747 0.0 1.0 0.0 -1.784830377131085 0.0 0.0 1.0 0.780328356341913
1.0 0.0 0.0 4.695147472880658 0.0 1.0 0.0 -1.792381852486783 0.0 0.0 1.0 0.771595823138309
1.0 0.0 0.0 4.697107280778583 0.0 1.0 0.0 -1.801068126856475 0.0 0.0 1.0 0.763843502565573
1.0 0.0 0.0 4.69644061250289 0.0 1.0 0.0 -1.808798965688434 0.0 0.0 1.0 0.757843882517442
1.0 0.0 0.0 4.695188165662998 0.0 1.0 0.0 -1.815696890208737 0.0 0.0 1.0 0.753066572098001
1.0 0.0 0.0 4.693746136722025 0.0 1.0 0.0 -1.823358080235551 0.0 0.0 1.0 0.749047276847745
1.0 0.0 0.0 4.691459665730531 0.0 1.0 0.0 -1.830754643643168 0.0 0.0 1.0 0.745981079468519
1.0 0.0 0.0 4.688163543298908 0.0 1.0 0.0 -1.838194161361996 0.0 0.0 1.0 0.743583634207756
1.0 0.0 0.0 4.678266191666166 0.0 1.0 0.0 -1.851818762568136 0.0 0.0 1.0 0.742456601512149
1.0 0.0 0.0 4.67351157074101 0.0 1.0 0.0 -1.858821088663805 0.0 0.0 1.0 0.743690383489412
1.0 0.0 0.0 4.668995809798848 0.0 1.0 0.0 -1.865611405574658 0.0 0.0 1.0 0.745969581065698
1.0 0.0 0.0 4.664488904464226 0.0 1.0 0.0 -1.872600873912517 0.0 0.0 1.0 0.748890108057057
1.0 0.0 0.0 4.658043334614209 0.0 1.0 0.0 -1.879049489376122 0.0 0.0 1.0 0.752055800598319
1.0 0.0 0.0 4.652442034666771 0.0 1.0 0.0 -1.88518907655519 0.0 0.0 1.0 0.753005848944798
1.0 0.0 0.0 4.642643289988443 0.0 1.0 0.0 -1.890407020052651 0.0 0.0 1.0 0.752754551469119
1.0 0.0 0.0 4.629718679879528 0.0 1.0 0.0 -1.902458000211484 0.0 0.0 1.0 0.743873491000792
1.0 0.0 0.0 4.624041212405001 0.0 1.0 0.0 -1.908031559995608 0.0 0.0 1.0 0.736598108134799
1.0 0.0 0.0 4.617968672353697 0.0 1.0 0.0 -1.913370627550433 0.0 0.0 1.0 0.726523800478529
1.0 0.0 0.0 4.611945070651396 0.0 1.0 0.0 -1.91803365916182 0.0 0.0 1.0 0.715291116169027
1.0 0.0 0.0 4.606762837405822 0.0 1.0 0.0 -1.922468665226684 0.0 0.0 1.0 0.702254726402909
1.0 0.0 0.0 4.615297792387731 0.0 1.0 0.0 -1.917276002922064 0.0 0.0 1.0 0.694737313336457
1.0 0.0 0.0 4.618478613634895 0.0 1.0 0.0 -1.920900374364435 0.0 0.0 1.0 0.696458071137487
1.0 0.0 0.0 4.618488350984669 0.0 1.0 0.0 -1.921428247280532 0.0 0.0 1.0 0.697777199439309
1.0 0.0 0.0 4.619543768389174 0.0 1.0 0.0 -1.918027587542592 0.0 0.0 1.0 0.695718872291135
1.0 0.0 0.0 4.637517442988178 0.0 1.0 0.0 -1.918453558923277 0.0 0.0 1.0 0.692912417771553
1.0 0.0 0.0 4.638198308853297 0.0 1.0 0.0 -1.916850487926674 0.0 0.0 1.0 0.693016040153212
1.0 0.0 0.0 4.631965639268527 0.0 1.0 0.0 -1.915485491619793 0.0 0.0 1.0 0.691748994968764
1.0 0.0 0.0 4.626990453701107 0.0 1.0 0.0 -1.914452011792295 0.0 0.0 1.0 0.692196895417317
1.0 0.0 0.0 4.630093295891903 0.0 1.0 0.0 -1.914910962623643 0.0 0.0 1.0 0.692220756172831
1.0 0.0 0.0 4.628719179062857 0.0 1.0 0.0 -1.915484353153728 0.0 0.0 1.0 0.691987449506991
1.0 0.0 0.0 4.629817783438497 0.0 1.0 0.0 -1.915436900747642 0.0 0.0 1.0 0.691888619775969
1.0 0.0 0.0 4.629798676855798 0.0 1.0 0.0 -1.915466553282963 0.0 0.0 1.0 0.691849440622943
1.0 0.0 0.0 4.629802601365753 0.0 1.0 0.0 -1.915496612188425 0.0 0.0 1.0 0.691943175070779
1.0 0.0 0.0 4.62885887385545 0.0 1.0 0.0 -1.915141886868027 0.0 0.0 1.0 0.691975924435709
1.0 0.0 0.0 4.628882119612967 0.0 1.0 0.0 -1.915116545955653 0.0 0.0 1.0 0.692049032762581
1.0 0.0 0.0 4.628910722694871 0.0 1.0 0.0 -1.915044787478007 0.0 0.0 1.0 0.692042816343239
1.0 0.0 0.0 4.628883502704828 0.0 1.0 0.0 -1.91508807472593 0.0 0.0 1.0 0.691989472854854
1.0 0.0 0.0 4.628936957173243 0.0 1.0 0.0 -1.914970265884925 0.0 0.0 1.0 0.692016488572111
1.0 0.0 0.0 4.628892519573491 0.0 1.0 0.0 -1.915065106190171 0.0 0.0 1.0 0.691986690179211
1.0 0.0 0.0 4.628891141019961 0.0 1.0 0.0 -1.915065032778142 0.0 0.0 1.0 0.691978618843768
1.0 0.0 0.0 4.628923567480612 0.0 1.0 0.0 -1.914987782823995 0.0 0.0 1.0 0.691981296234014
1.0 0.0 0.0 4.628917356246001 0.0 1.0 0.0 -1.915001983845128 0.0 0.0 1.0 0.69197937000396
1.0 0.0 0.0 4.628908502494544 0.0 1.0 0.0 -1.915008069515058 0.0 0.0 1.0 0.691943073201671
1.0 0.0 0.0 4.628913794992601 0.0 1.0 0.0 -1.915009077639281 0.0 0.0 1.0 0.691975780879564
1.0 0.0 0.0 4.628940956352632 0.0 1.0 0.0 -1.914945066126646 0.0 0.0 1.0 0.691979676058387
1.0 0.0 0.0 4.628919913639173 0.0 1.0 0.0 -1.914986747928236 0.0 0.0 1.0 0.691957911962853
1.0 0.0 0.0 4.628899166071752 0.0 1.0 0.0 -1.91504503475682 0.0 0.0 1.0 0.691977195379331
1.0 0.0 0.0 4.628922685680717 0.0 1.0 0.0 -1.914980020542793 0.0 0.0 1.0 0.691957848514034
1.0 0.0 0.0 4.628922881797329 0.0 1.0 0.0 -1.914989083534174 0.0 0.0 1.0 0.691980450793753
1.0 0.0 0.0 4.628889738550842 0.0 1.0 0.0 -1.915058780147888 0.0 0.0 1.0 0.691955765696773
1.0 0.0 0.0 4.62892139419783 0.0 1.0 0.0 -1.914983245049242 0.0 0.0 1.0 0.691958091938854
1.0 0.0 0.0 4.628920997614118 0.0 1.0 0.0 -1.914993651635553 0.0 0.0 1.0 0.691980483141683
1.0 0.0 0.0 4.628923603804093 0.0 1.0 0.0 -1.914986577312928 0.0 0.0 1.0 0.691978647284135
1.0 0.0 0.0 4.628908986749282 0.0 1.0 0.0 -1.915004037978249 0.0 0.0 1.0 0.691936292941676
1.0 0.0 0.0 4.628911656776593 0.0 1.0 0.0 -1.915019489191763 0.0 0.0 1.0 0.691988207186309
1.0 0.0 0.0 4.628908060903188 0.0 1.0 0.0 -1.915014490279615 0.0 0.0 1.0 0.69195576024694
1.0 0.0 0.0 4.628886085808974 0.0 1.0 0.0 -1.915076964648622 0.0 0.0 1.0 0.691977938626005
1.0 0.0 0.0 4.628916158248932 0.0 1.0 0.0 -1.915002095092059 0.0 0.0 1.0 0.691972770690849
1.0 0.0 0.0 4.628913307634422 0.0 1.0 0.0 -1.915019136865508 0.0 0.0 1.0 0.691996829607593
1.0 0.0 0.0 4.628897519217144 0.0 1.0 0.0 -1.915040082941187 0.0 0.0 1.0 0.691956025338658
1.0 0.0 0.0 4.628901259903648 0.0 1.0 0.0 -1.915028281416505 0.0 0.0 1.0 0.691949484788064
1.0 0.0 0.0 4.628912676420461 0.0 1.0 0.0 -1.91502329861857 0.0 0.0 1.0 0.692003077159907
1.0 0.0 0.0 4.628912357473028 0.0 1.0 0.0 -1.915013463487486 0.0 0.0 1.0 0.691977940223207
1.0 0.0 0.0 4.628894090295974 0.0 1.0 0.0 -1.915062021739236 0.0 0.0 1.0 0.691988378012496
1.0 0.0 0.0 4.628878354785134 0.0 1.0 0.0 -1.915070743917654 0.0 0.0 1.0 0.691918908646355
1.0 0.0 0.0 4.628905814068379 0.0 1.0 0.0 -1.915017329874532 0.0 0.0 1.0 0.691949618859944
1.0 0.0 0.0 4.628886927236526 0.0 1.0 0.0 -1.915048380789576 0.0 0.0 1.0 0.691915015657703
1.0 0.0 0.0 4.628898376549701 0.0 1.0 0.0 -1.915036798824406 0.0 0.0 1.0 0.691953153333827
1.0 0.0 0.0 4.628881233893138 0.0 1.0 0.0 -1.915050315697235 0.0 0.0 1.0 0.691886988850033
1.0 0.0 0.0 4.628876842715019 0.0 1.0 0.0 -1.915069297226061 0.0 0.0 1.0 0.691906818705435
1.0 0.0 0.0 4.62887609657802 0.0 1.0 0.0 -1.915081097244331 0.0 0.0 1.0 0.691930509625716
1.0 0.0 0.0 4.628901829271018 0.0 1.0 0.0 -1.915020046988524 0.0 0.0 1.0 0.691933231495679
1.0 0.0 0.0 4.628889699278197 0.0 1.0 0.0 -1.915048985092849 0.0 0.0 1.0 0.691932326861199
1.0 0.0 0.0 4.628877180663905 0.0 1.0 0.0 -1.915071025371967 0.0 0.0 1.0 0.691912850032079
1.0 0.0 0.0 4.628847906196823 0.0 1.0 0.0 -1.915100668464669 0.0 0.0 1.0 0.691815417654852
1.0 0.0 0.0 4.628848295463483 0.0 1.0 0.0 -1.915116436280759 0.0 0.0 1.0 0.691855012314403
1.0 0.0 0.0 4.628844398687115 0.0 1.0 0.0 -1.915093299052799 0.0 0.0 1.0 0.691777866547217
1.0 0.0 0.0 4.628831805254333 0.0 1.0 0.0 -1.915141496403342 0.0 0.0 1.0 0.691819948526375
1.0 0.0 0.0 4.628831242650382 0.0 1.0 0.0 -1.915133324218897 0.0 0.0 1.0 0.691797360933364
1.0 0.0 0.0 4.628824537052006 0.0 1.0 0.0 -1.915150867431981 0.0 0.0 1.0 0.69180052684236
1.0 0.0 0.0 4.628823038529166 0.0 1.0 0.0 -1.915145884390064 0.0 0.0 1.0 0.69178013646413
1.0 0.0 0.0 4.628819168222524 0.0 1.0 0.0 -1.915155399255072 0.0 0.0 1.0 0.691780516860062
1.0 0.0 0.0 4.628805926054851 0.0 1.0 0.0 -1.915184497392687 0.0 0.0 1.0 0.691773628109669
1.0 0.0 0.0 4.628796569470425 0.0 1.0 0.0 -1.915188629745718 0.0 0.0 1.0 0.691729835099884
1.0 0.0 0.0 4.628811153824302 0.0 1.0 0.0 -1.915169664642749 0.0 0.0 1.0 0.691768420416444
1.0 0.0 0.0 4.628805251519564 0.0 1.0 0.0 -1.915183818658421 0.0 0.0 1.0 0.691768156636318
1.0 0.0 0.0 4.628799426790657 0.0 1.0 0.0 -1.91517874629502 0.0 0.0 1.0 0.691722779719255
